GLP Model
Parameters:
- m0:20.0
- m:1.0
- p:0.4695
- beta:0.6447

1 [4, 7, 8, 9, 14, 26, 61]
2 [8, 13, 31, 51, 62]
3 [4, 18, 19, 20, 32, 48, 61, 91, 119]
4 [1, 3, 5, 7, 9, 10, 12, 13, 14, 18, 23, 24, 26, 31, 34, 40, 42, 45, 48, 50, 52, 53, 55, 59, 61, 62, 67, 71, 73, 83, 93, 110]
5 [4, 7, 11, 14, 19, 29, 33, 47, 59, 66, 71, 78, 81, 94, 98, 107]
6 [8, 9, 37, 39]
7 [1, 4, 5, 8, 10, 18, 36, 39, 80, 90]
8 [1, 2, 6, 7, 10, 18, 26, 27, 28, 32, 33, 34, 35, 39, 53, 54, 72, 89, 100, 101, 117]
9 [1, 4, 6, 13, 17, 50, 82, 109]
10 [4, 7, 8, 18, 25, 60, 68, 95]
11 [5]
12 [4, 15, 20, 21, 25, 26, 27, 48, 95, 106]
13 [2, 4, 9, 15, 16, 18, 22, 34, 46, 47, 71, 88, 89, 116]
14 [1, 4, 5, 15, 17, 21, 24, 29, 35, 44, 84, 97]
15 [12, 13, 14, 20, 36]
16 [13, 18, 20, 29, 42, 49, 56, 61, 75, 88, 93]
17 [9, 14, 27, 99]
18 [3, 4, 7, 8, 10, 13, 16, 30, 31, 32, 34, 38, 39, 79, 80, 115, 118]
19 [3, 5, 24, 41, 86, 102]
20 [3, 12, 15, 16, 34, 76]
21 [12, 14, 67]
22 [13]
23 [4]
24 [4, 14, 19, 26, 33, 70, 87]
25 [10, 12, 45, 65, 74]
26 [1, 4, 8, 12, 24, 92, 104]
27 [8, 12, 17]
28 [8, 34, 57, 68]
29 [5, 14, 16, 64, 79, 96]
30 [18, 39]
31 [2, 4, 18, 33]
32 [3, 8, 18, 63, 77, 112]
33 [5, 8, 24, 31, 38, 120]
34 [4, 8, 13, 18, 20, 28, 43, 69, 113]
35 [8, 14]
36 [7, 15]
37 [6]
38 [18, 33]
39 [6, 7, 8, 18, 30, 47]
40 [4]
41 [19]
42 [4, 16]
43 [34]
44 [14]
45 [4, 25, 71, 108]
46 [13]
47 [5, 13, 39, 58]
48 [3, 4, 12]
49 [16]
50 [4, 9]
51 [2]
52 [4]
53 [4, 8]
54 [8]
55 [4]
56 [16]
57 [28]
58 [47]
59 [4, 5]
60 [10, 62]
61 [1, 3, 4, 16]
62 [2, 4, 60]
63 [32]
64 [29]
65 [25, 105]
66 [5]
67 [4, 21]
68 [10, 28]
69 [34]
70 [24]
71 [4, 5, 13, 45]
72 [8, 103]
73 [4]
74 [25]
75 [16]
76 [20]
77 [32]
78 [5]
79 [18, 29]
80 [7, 18]
81 [5, 111]
82 [9]
83 [4]
84 [14, 85]
85 [84]
86 [19]
87 [24]
88 [13, 16]
89 [8, 13]
90 [7]
91 [3]
92 [26]
93 [4, 16]
94 [5]
95 [10, 12]
96 [29]
97 [14]
98 [5]
99 [17, 114]
100 [8]
101 [8]
102 [19]
103 [72]
104 [26]
105 [65]
106 [12]
107 [5]
108 [45]
109 [9]
110 [4]
111 [81]
112 [32]
113 [34]
114 [99]
115 [18]
116 [13]
117 [8]
118 [18]
119 [3]
120 [33]
