GLP Model
Parameters:
- m0:20.0
- m:1.0
- p:0.4695
- beta:0.6447

1 [2, 4, 10, 16, 18, 81, 110, 160]
2 [1, 4, 8, 10, 12, 17, 18, 20, 30, 31, 37, 41, 43, 48, 59, 83, 92, 106, 118, 130, 140, 181, 214, 215, 235, 275, 279]
3 [10, 12, 19, 24, 28, 30, 76, 78, 118, 128, 177, 202]
4 [1, 2, 6, 9, 14, 24, 40, 51, 64, 67, 125, 130, 185, 194, 208, 213, 215, 222, 246]
5 [7, 8, 10, 11, 20, 22, 30, 33, 34, 38, 62, 64, 66, 104, 135, 168, 183, 209, 219, 226, 243, 254]
6 [4, 11, 12, 16, 39, 42, 43, 47, 61, 64, 69, 77, 81, 88, 91, 102, 106, 112, 129, 134, 136, 141, 142, 151, 154, 157, 166, 172, 174, 175, 179, 227, 244, 257]
7 [5, 10, 14, 41, 49, 53, 58, 100, 109, 120, 201, 242, 248]
8 [2, 5, 13, 29, 44, 68, 107]
9 [4, 11, 14, 16, 18, 23, 24, 26, 36, 42, 59, 110, 111, 148, 152, 189, 203, 240]
10 [1, 2, 3, 5, 7, 11, 42, 44, 45, 46, 48, 61, 66, 93, 114, 137, 179, 223, 228, 231, 248]
11 [5, 6, 9, 10, 41, 44, 68, 71, 85, 92, 103, 163, 182, 192, 196, 200, 204, 230, 256]
12 [2, 3, 6, 15, 28, 30, 32, 35, 41, 101, 102, 113, 258]
13 [8, 14, 17, 21, 22, 46, 47, 52, 54, 56, 71, 99, 102, 108, 117, 133, 136, 163, 184, 188, 198, 205]
14 [4, 7, 9, 13, 34, 113, 235]
15 [12, 26]
16 [1, 6, 9, 20, 23, 53, 80, 89, 105, 131, 138, 140, 144, 146, 212]
17 [2, 13, 18, 19, 24, 25, 26, 32, 34, 36, 37, 43, 46, 49, 54, 56, 57, 58, 60, 61, 69, 70, 72, 75, 79, 87, 91, 95, 96, 109, 110, 112, 143, 153, 181, 187, 195, 229, 230, 238, 247, 253, 272, 280]
18 [1, 2, 9, 17, 25, 27, 28, 34, 41, 50, 66, 81, 84, 104, 108, 111, 116, 122, 140, 145, 162, 170, 185, 210, 239, 258, 271, 277]
19 [3, 17, 60, 173, 193]
20 [2, 5, 16, 123]
21 [13, 22, 106]
22 [5, 13, 21, 23, 30, 42, 43, 49, 66, 73, 74, 104, 127, 139, 143, 168, 206, 211, 229, 236, 249, 267, 270]
23 [9, 16, 22, 44, 60, 62, 64, 77, 79, 81, 83, 89, 149, 216]
24 [3, 4, 9, 17, 29, 32, 39, 65, 104, 169, 274]
25 [17, 18, 140, 167, 171]
26 [9, 15, 17, 261]
27 [18]
28 [3, 12, 18, 30, 46, 141, 252]
29 [8, 24]
30 [2, 3, 5, 12, 22, 28, 31, 44, 47, 54, 119, 139, 143, 155, 167, 181, 191]
31 [2, 30, 32, 72, 125, 220]
32 [12, 17, 24, 31, 43, 46, 60, 64, 73, 177, 276]
33 [5, 66]
34 [5, 14, 17, 18, 83, 98, 151, 180, 225]
35 [12, 78, 228]
36 [9, 17, 94, 126]
37 [2, 17, 43, 232]
38 [5]
39 [6, 24, 108]
40 [4]
41 [2, 7, 11, 12, 18, 60, 114, 134, 180, 207]
42 [6, 9, 10, 22, 56, 79, 122, 146, 260]
43 [2, 6, 17, 22, 32, 37, 53, 63, 115]
44 [8, 10, 11, 23, 30, 152, 167]
45 [10, 48]
46 [10, 13, 17, 28, 32, 86, 147, 187, 191, 201, 245]
47 [6, 13, 30, 82, 156, 188, 208]
48 [2, 10, 45, 55, 116, 121, 241]
49 [7, 17, 22, 234]
50 [18]
51 [4]
52 [13]
53 [7, 16, 43]
54 [13, 17, 30, 95, 106, 182]
55 [48, 78, 82, 97, 167]
56 [13, 17, 42, 250]
57 [17, 121]
58 [7, 17, 64, 77]
59 [2, 9, 82]
60 [17, 19, 23, 32, 41, 87, 92, 97, 98, 150, 185, 237]
61 [6, 10, 17]
62 [5, 23, 123, 255]
63 [43]
64 [4, 5, 6, 23, 32, 58, 68, 99, 247]
65 [24]
66 [5, 10, 18, 22, 33, 78, 81, 90, 165, 190, 251]
67 [4]
68 [8, 11, 64]
69 [6, 17, 224]
70 [17, 72]
71 [11, 13, 95, 97, 156]
72 [17, 31, 70, 137]
73 [22, 32]
74 [22, 177]
75 [17]
76 [3, 104]
77 [6, 23, 58]
78 [3, 35, 55, 66, 129, 177]
79 [17, 23, 42]
80 [16, 132]
81 [1, 6, 18, 23, 66, 87, 107, 114, 186, 197]
82 [47, 55, 59, 100]
83 [2, 23, 34]
84 [18, 114]
85 [11]
86 [46]
87 [17, 60, 81, 93]
88 [6]
89 [16, 23]
90 [66, 176]
91 [6, 17]
92 [2, 11, 60, 145, 217, 228]
93 [10, 87, 143, 159]
94 [36]
95 [17, 54, 71]
96 [17]
97 [55, 60, 71, 124]
98 [34, 60]
99 [13, 64]
100 [7, 82, 269]
101 [12]
102 [6, 12, 13]
103 [11, 122]
104 [5, 18, 22, 24, 76, 178]
105 [16]
106 [2, 6, 21, 54, 159, 164, 259, 265]
107 [8, 81]
108 [13, 18, 39, 254]
109 [7, 17]
110 [1, 9, 17, 278]
111 [9, 18]
112 [6, 17]
113 [12, 14]
114 [10, 41, 81, 84, 125]
115 [43]
116 [18, 48]
117 [13, 194]
118 [2, 3, 266]
119 [30]
120 [7]
121 [48, 57]
122 [18, 42, 103]
123 [20, 62, 130, 161]
124 [97]
125 [4, 31, 114]
126 [36]
127 [22, 167]
128 [3]
129 [6, 78]
130 [2, 4, 123, 199, 236]
131 [16]
132 [80]
133 [13]
134 [6, 41, 158]
135 [5]
136 [6, 13]
137 [10, 72]
138 [16]
139 [22, 30]
140 [2, 16, 18, 25]
141 [6, 28]
142 [6]
143 [17, 22, 30, 93]
144 [16]
145 [18, 92]
146 [16, 42]
147 [46]
148 [9]
149 [23]
150 [60]
151 [6, 34]
152 [9, 44]
153 [17, 262]
154 [6]
155 [30]
156 [47, 71]
157 [6, 233]
158 [134]
159 [93, 106]
160 [1]
161 [123, 268]
162 [18]
163 [11, 13]
164 [106]
165 [66]
166 [6]
167 [25, 30, 44, 55, 127]
168 [5, 22]
169 [24]
170 [18]
171 [25]
172 [6]
173 [19]
174 [6]
175 [6]
176 [90]
177 [3, 32, 74, 78]
178 [104]
179 [6, 10]
180 [34, 41]
181 [2, 17, 30]
182 [11, 54, 263, 273]
183 [5]
184 [13, 221]
185 [4, 18, 60]
186 [81]
187 [17, 46, 264]
188 [13, 47]
189 [9]
190 [66]
191 [30, 46]
192 [11]
193 [19]
194 [4, 117]
195 [17, 218]
196 [11]
197 [81]
198 [13]
199 [130]
200 [11]
201 [7, 46, 212]
202 [3]
203 [9]
204 [11]
205 [13]
206 [22]
207 [41]
208 [4, 47]
209 [5]
210 [18]
211 [22]
212 [16, 201]
213 [4]
214 [2]
215 [2, 4]
216 [23]
217 [92]
218 [195]
219 [5]
220 [31]
221 [184]
222 [4]
223 [10]
224 [69]
225 [34]
226 [5]
227 [6]
228 [10, 35, 92]
229 [17, 22]
230 [11, 17]
231 [10]
232 [37]
233 [157]
234 [49]
235 [2, 14]
236 [22, 130]
237 [60]
238 [17]
239 [18]
240 [9]
241 [48]
242 [7]
243 [5]
244 [6]
245 [46]
246 [4]
247 [17, 64]
248 [7, 10]
249 [22]
250 [56]
251 [66]
252 [28]
253 [17]
254 [5, 108]
255 [62]
256 [11]
257 [6]
258 [12, 18]
259 [106]
260 [42]
261 [26]
262 [153]
263 [182]
264 [187]
265 [106]
266 [118]
267 [22]
268 [161]
269 [100]
270 [22]
271 [18]
272 [17]
273 [182]
274 [24]
275 [2]
276 [32]
277 [18]
278 [110]
279 [2]
280 [17]
