GLP Model
Parameters:
- m0:20.0
- m:1.0
- p:0.4695
- beta:0.6447

1 [6, 7, 9, 14, 27, 36, 64]
2 [6, 7, 9, 14, 25, 28, 36, 39, 44, 49, 55, 68, 69, 76, 80, 91]
3 [7, 10, 17, 19, 20, 24, 26, 27, 38, 56, 63, 68]
4 [14]
5 [7, 11]
6 [1, 2, 9, 17, 46]
7 [1, 2, 3, 5, 15, 16, 24, 28, 29, 31, 34, 35, 39, 45, 48, 49, 55, 59, 65, 73, 90, 95, 97]
8 [9, 10, 13, 16, 17, 20, 25, 36, 55, 63, 68, 71, 72, 85]
9 [1, 2, 6, 8, 12, 14, 15, 19, 20, 22, 24, 27, 28, 32, 37, 40, 50, 51, 54, 55, 57, 68, 79, 80, 82, 84, 86, 96]
10 [3, 8, 37, 40, 67, 86]
11 [5, 14, 17, 18, 40]
12 [9, 17]
13 [8, 14, 19, 24, 33, 56, 64, 85]
14 [1, 2, 4, 9, 11, 13, 17, 19, 21, 23, 25, 43, 44, 45, 49, 52, 56, 61, 69, 80]
15 [7, 9, 20, 24, 37, 51, 55, 66, 77]
16 [7, 8, 37]
17 [3, 6, 8, 11, 12, 14, 30, 37, 50]
18 [11, 67]
19 [3, 9, 13, 14, 20, 21, 41, 47, 70, 73, 74]
20 [3, 8, 9, 15, 19, 29, 35, 42, 47, 81]
21 [14, 19, 66, 75, 83, 100]
22 [9]
23 [14]
24 [3, 7, 9, 13, 15, 34, 35, 46, 53, 58, 62]
25 [2, 8, 14, 29, 40, 60, 89, 99]
26 [3]
27 [1, 3, 9]
28 [2, 7, 9]
29 [7, 20, 25]
30 [17]
31 [7]
32 [9]
33 [13]
34 [7, 24, 88]
35 [7, 20, 24]
36 [1, 2, 8]
37 [9, 10, 15, 16, 17, 43, 67]
38 [3]
39 [2, 7]
40 [9, 10, 11, 25, 52, 59, 93]
41 [19]
42 [20, 55, 80, 81]
43 [14, 37]
44 [2, 14]
45 [7, 14]
46 [6, 24]
47 [19, 20]
48 [7]
49 [2, 7, 14]
50 [9, 17]
51 [9, 15]
52 [14, 40, 94]
53 [24]
54 [9, 58]
55 [2, 7, 8, 9, 15, 42, 92]
56 [3, 13, 14]
57 [9]
58 [24, 54]
59 [7, 40]
60 [25]
61 [14]
62 [24]
63 [3, 8]
64 [1, 13]
65 [7]
66 [15, 21, 87]
67 [10, 18, 37]
68 [2, 3, 8, 9]
69 [2, 14]
70 [19]
71 [8]
72 [8]
73 [7, 19]
74 [19]
75 [21, 78]
76 [2]
77 [15]
78 [75]
79 [9]
80 [2, 9, 14, 42]
81 [20, 42]
82 [9]
83 [21]
84 [9]
85 [8, 13]
86 [9, 10, 98]
87 [66]
88 [34]
89 [25]
90 [7]
91 [2]
92 [55]
93 [40]
94 [52]
95 [7]
96 [9]
97 [7]
98 [86]
99 [25]
100 [21]
