GLP Model
Parameters:
- m0:20.0
- m:1.0
- p:0.4695
- beta:0.6447

1 [9, 36]
2 [9, 13, 16, 17, 92, 134]
3 [20, 88]
4 [5, 7, 16, 18, 19, 20, 23, 24, 30, 31, 36, 42, 46, 56, 71, 72, 75, 105, 109, 115]
5 [4, 20, 122]
6 [10, 13, 18, 20, 30, 41, 52, 58]
7 [4, 11, 16, 19, 22, 25, 29, 38, 39, 41, 47, 96, 106, 127, 131]
8 [18, 20]
9 [1, 2, 11, 12, 13, 14, 16, 20, 32, 34, 41, 61, 81, 82, 97, 118]
10 [6, 15, 18, 37, 84, 119]
11 [7, 9, 135]
12 [9, 14, 16, 17, 18, 25, 27, 30, 50, 53, 61, 66, 81, 87, 108, 129]
13 [2, 6, 9, 18, 23, 28, 37, 55, 65, 66, 70, 86, 90, 92, 128]
14 [9, 12, 20, 29, 30, 40, 51, 61, 65, 112, 117, 126]
15 [10, 16, 17, 18, 21, 29, 66]
16 [2, 4, 7, 9, 12, 15, 19, 20, 21, 24, 26, 28, 29, 45, 47, 50, 51, 77, 79, 87, 89, 91, 116, 140]
17 [2, 12, 15, 20, 46, 89, 137]
18 [4, 6, 8, 10, 12, 13, 15, 19, 21, 22, 27, 28, 33, 39, 40, 43, 46, 48, 51, 62, 63, 69, 80, 85, 88, 97, 101, 104, 121, 124, 125]
19 [4, 7, 16, 18, 37, 43, 51, 59, 65, 67, 72, 76, 99]
20 [3, 4, 5, 6, 8, 9, 14, 16, 17, 21, 34, 38, 49, 54, 58, 60, 73, 93, 95, 120]
21 [15, 16, 18, 20, 23, 25, 50, 52, 56, 83]
22 [7, 18, 57, 60, 68, 75]
23 [4, 13, 21, 35, 58, 89]
24 [4, 16, 26]
25 [7, 12, 21, 32, 34, 42, 136]
26 [16, 24, 28, 30, 34, 51]
27 [12, 18]
28 [13, 16, 18, 26, 78]
29 [7, 14, 15, 16, 43, 139]
30 [4, 6, 12, 14, 26, 31, 47, 51, 64, 79, 90, 107, 122, 126, 133]
31 [4, 30, 68]
32 [9, 25, 69, 110, 114]
33 [18, 44, 94]
34 [9, 20, 25, 26]
35 [23, 75]
36 [1, 4]
37 [10, 13, 19, 42]
38 [7, 20, 55]
39 [7, 18, 74, 133]
40 [14, 18, 119]
41 [6, 7, 9]
42 [4, 25, 37, 74]
43 [18, 19, 29]
44 [33]
45 [16]
46 [4, 17, 18]
47 [7, 16, 30, 57, 66, 77, 92]
48 [18]
49 [20]
50 [12, 16, 21, 55, 121]
51 [14, 16, 18, 19, 26, 30, 63, 66, 100]
52 [6, 21, 130]
53 [12]
54 [20]
55 [13, 38, 50]
56 [4, 21]
57 [22, 47, 92]
58 [6, 20, 23, 67]
59 [19]
60 [20, 22]
61 [9, 12, 14, 98, 111, 138]
62 [18]
63 [18, 51]
64 [30]
65 [13, 14, 19, 132]
66 [12, 13, 15, 47, 51, 102]
67 [19, 58, 123]
68 [22, 31]
69 [18, 32]
70 [13]
71 [4]
72 [4, 19]
73 [20]
74 [39, 42, 113]
75 [4, 22, 35]
76 [19]
77 [16, 47]
78 [28]
79 [16, 30]
80 [18]
81 [9, 12, 113]
82 [9]
83 [21]
84 [10]
85 [18]
86 [13]
87 [12, 16]
88 [3, 18]
89 [16, 17, 23]
90 [13, 30, 103]
91 [16, 117]
92 [2, 13, 47, 57]
93 [20]
94 [33]
95 [20]
96 [7]
97 [9, 18]
98 [61]
99 [19]
100 [51]
101 [18]
102 [66]
103 [90]
104 [18]
105 [4]
106 [7]
107 [30, 137]
108 [12]
109 [4]
110 [32]
111 [61]
112 [14]
113 [74, 81]
114 [32]
115 [4]
116 [16]
117 [14, 91]
118 [9]
119 [10, 40]
120 [20]
121 [18, 50]
122 [5, 30]
123 [67]
124 [18]
125 [18]
126 [14, 30]
127 [7]
128 [13]
129 [12]
130 [52]
131 [7]
132 [65]
133 [30, 39]
134 [2]
135 [11]
136 [25]
137 [17, 107]
138 [61]
139 [29]
140 [16]
