GLP Model
Parameters:
- m0:20.0
- m:1.0
- p:0.4695
- beta:0.6447

1 [7, 9, 20, 25, 73, 102, 167, 171]
2 [12, 16, 47, 156]
3 [7, 9, 10, 12, 20, 109, 142]
4 [8, 17, 20, 59, 77, 157, 189]
5 [8, 9, 13, 14, 22, 23, 28, 32, 33, 64, 66, 83, 89, 93, 116, 126, 129, 132, 140, 197, 218]
6 [12]
7 [1, 3, 12, 14, 23, 28, 39, 46, 47, 49, 50, 51, 61, 150, 204]
8 [4, 5, 12, 13, 14, 15, 20, 22, 29, 36, 47, 53, 54, 65, 75, 80, 93, 95, 186, 196, 233]
9 [1, 3, 5, 10, 12, 20, 57, 61, 74, 83, 94, 98, 105, 109, 133, 134, 137, 204, 206, 221, 237]
10 [3, 9, 18, 20, 32, 46, 73, 104, 107, 115, 153, 159, 190]
11 [16, 19]
12 [2, 3, 6, 7, 8, 9, 16, 19, 22, 29, 31, 34, 42, 48, 53, 72, 91, 106, 111, 123, 125, 160, 163, 202, 229]
13 [5, 8]
14 [5, 7, 8, 18, 20, 24, 25, 33, 51, 62, 91, 112, 145, 203]
15 [8, 16, 17, 19, 42, 44, 61, 175]
16 [2, 11, 12, 15, 17, 28, 29, 32, 48, 51, 53, 55, 57, 58, 63, 66, 67, 72, 79, 85, 90, 101, 111, 143, 152, 159, 164, 201, 214, 226]
17 [4, 15, 16, 18, 19, 21, 23, 25, 26, 27, 34, 40, 43, 45, 49, 76, 82, 85, 92, 176, 179, 184, 217]
18 [10, 14, 17, 25, 28, 46, 48, 52, 59, 68, 88, 103, 108, 110, 115, 126, 232]
19 [11, 12, 15, 17, 20, 27, 37, 48, 59, 66, 70, 73, 78, 83, 96, 104, 109, 120, 144, 172, 183, 219]
20 [1, 3, 4, 8, 9, 10, 14, 19, 22, 28, 29, 30, 35, 36, 38, 42, 50, 51, 59, 60, 62, 75, 79, 81, 84, 86, 91, 101, 106, 107, 117, 138, 141, 147, 162, 168, 207, 213, 227, 231]
21 [17, 38, 83, 150, 198, 234]
22 [5, 8, 12, 20, 23, 29, 33, 41, 55, 74, 80, 85, 87, 122, 145, 210, 235, 236]
23 [5, 7, 17, 22, 42, 59, 65, 71, 87, 145, 220]
24 [14, 25, 97, 157]
25 [1, 14, 17, 18, 24, 45, 62, 67, 100, 117, 165]
26 [17, 34, 104]
27 [17, 19, 32, 133, 181]
28 [5, 7, 16, 18, 20, 47, 49, 95, 131, 178]
29 [8, 12, 16, 20, 22, 37, 79, 107, 108, 119, 130, 139, 174]
30 [20, 42, 52, 105]
31 [12, 43, 57, 156]
32 [5, 10, 16, 27, 36, 76, 83, 92, 238]
33 [5, 14, 22, 34, 68, 73, 76, 133, 152, 194]
34 [12, 17, 26, 33, 39, 81, 98, 99, 108, 118, 124, 133, 187]
35 [20, 42]
36 [8, 20, 32, 42]
37 [19, 29, 56, 83]
38 [20, 21, 126, 161]
39 [7, 34, 49, 169]
40 [17]
41 [22, 51, 104]
42 [12, 15, 20, 23, 30, 35, 36, 51, 130, 173, 200]
43 [17, 31, 46, 126, 177]
44 [15]
45 [17, 25, 48, 215]
46 [7, 10, 18, 43, 65, 67, 146, 149]
47 [2, 7, 8, 28, 118, 205]
48 [12, 16, 18, 19, 45, 49, 59, 68, 69, 73, 127, 170, 195]
49 [7, 17, 28, 39, 48, 216]
50 [7, 20]
51 [7, 14, 16, 20, 41, 42, 154]
52 [18, 30, 220, 228]
53 [8, 12, 16, 85, 158, 209, 223]
54 [8]
55 [16, 22]
56 [37]
57 [9, 16, 31]
58 [16]
59 [4, 18, 19, 20, 23, 48, 66, 114, 132, 139, 155, 180, 199, 211]
60 [20]
61 [7, 9, 15, 88, 117, 159]
62 [14, 20, 25]
63 [16]
64 [5]
65 [8, 23, 46, 91, 92, 139, 185]
66 [5, 16, 19, 59, 74, 83, 113, 137, 139, 230]
67 [16, 25, 46]
68 [18, 33, 48]
69 [48]
70 [19]
71 [23]
72 [12, 16]
73 [1, 10, 19, 33, 48]
74 [9, 22, 66, 92, 167]
75 [8, 20]
76 [17, 32, 33]
77 [4]
78 [19, 208]
79 [16, 20, 29]
80 [8, 22, 85, 135]
81 [20, 34]
82 [17, 126, 185]
83 [5, 9, 19, 21, 32, 37, 66, 91, 121, 179]
84 [20]
85 [16, 17, 22, 53, 80, 98, 128, 151, 188]
86 [20]
87 [22, 23, 225]
88 [18, 61]
89 [5]
90 [16, 93, 136, 166]
91 [12, 14, 20, 65, 83, 105, 239, 240]
92 [17, 32, 65, 74, 182]
93 [5, 8, 90, 128]
94 [9]
95 [8, 28]
96 [19]
97 [24]
98 [9, 34, 85, 138, 177]
99 [34, 224]
100 [25]
101 [16, 20]
102 [1]
103 [18, 192]
104 [10, 19, 26, 41]
105 [9, 30, 91, 213]
106 [12, 20]
107 [10, 20, 29]
108 [18, 29, 34]
109 [3, 9, 19]
110 [18, 166]
111 [12, 16, 212]
112 [14]
113 [66]
114 [59]
115 [10, 18]
116 [5]
117 [20, 25, 61]
118 [34, 47]
119 [29]
120 [19]
121 [83]
122 [22]
123 [12]
124 [34]
125 [12]
126 [5, 18, 38, 43, 82, 222]
127 [48]
128 [85, 93, 134, 202]
129 [5, 209]
130 [29, 42, 191, 193]
131 [28]
132 [5, 59]
133 [9, 27, 33, 34]
134 [9, 128, 148]
135 [80]
136 [90]
137 [9, 66]
138 [20, 98, 176]
139 [29, 59, 65, 66]
140 [5]
141 [20]
142 [3, 154]
143 [16]
144 [19]
145 [14, 22, 23]
146 [46]
147 [20]
148 [134]
149 [46]
150 [7, 21, 154, 201]
151 [85]
152 [16, 33]
153 [10]
154 [51, 142, 150]
155 [59]
156 [2, 31]
157 [4, 24]
158 [53]
159 [10, 16, 61]
160 [12]
161 [38]
162 [20]
163 [12]
164 [16]
165 [25]
166 [90, 110]
167 [1, 74]
168 [20]
169 [39]
170 [48]
171 [1]
172 [19]
173 [42]
174 [29]
175 [15]
176 [17, 138]
177 [43, 98]
178 [28]
179 [17, 83]
180 [59]
181 [27]
182 [92]
183 [19]
184 [17]
185 [65, 82]
186 [8]
187 [34]
188 [85]
189 [4]
190 [10]
191 [130]
192 [103]
193 [130]
194 [33]
195 [48]
196 [8]
197 [5]
198 [21]
199 [59]
200 [42]
201 [16, 150]
202 [12, 128]
203 [14]
204 [7, 9]
205 [47]
206 [9]
207 [20]
208 [78]
209 [53, 129]
210 [22]
211 [59]
212 [111]
213 [20, 105]
214 [16]
215 [45]
216 [49]
217 [17]
218 [5]
219 [19]
220 [23, 52]
221 [9]
222 [126]
223 [53]
224 [99]
225 [87]
226 [16]
227 [20]
228 [52]
229 [12]
230 [66]
231 [20]
232 [18]
233 [8]
234 [21]
235 [22]
236 [22]
237 [9]
238 [32]
239 [91]
240 [91]
