GLP Model
Parameters:
- m0:20.0
- m:1.0
- p:0.4695
- beta:0.6447

1 [8, 10, 17, 20, 22, 24, 25, 26, 28, 30, 37, 43, 52, 54, 75, 99, 121, 135, 136, 141, 142, 163, 172, 232, 324, 383]
2 [3, 6, 7, 8, 11, 14, 15, 16, 20, 21, 34, 38, 39, 43, 46, 49, 53, 55, 86, 93, 96, 105, 106, 107, 111, 118, 122, 161, 177, 178, 209, 222, 227, 247, 289, 295, 301, 304, 306, 333, 366, 373, 481, 494]
3 [2, 5, 7, 16, 20, 21, 28, 29, 38, 43, 44, 47, 58, 66, 67, 71, 79, 81, 91, 101, 114, 123, 128, 143, 146, 153, 219, 227, 236, 255, 267, 269, 291, 323, 377, 425, 478, 491]
4 [5, 6, 7, 8, 10, 13, 15, 19, 49, 55, 59, 78, 85, 87, 119, 124, 133, 135, 148, 173, 189, 211, 249, 271, 291, 306, 386, 429]
5 [3, 4, 7, 16, 18, 20, 23, 52, 89, 134, 143, 202, 279, 359, 382]
6 [2, 4, 7, 8, 9, 20, 24, 26, 30, 59, 63, 91, 117, 131, 170, 194, 205, 241, 279, 370, 401, 407, 419, 436, 444, 484]
7 [2, 3, 4, 5, 6, 9, 11, 15, 16, 22, 31, 32, 34, 40, 45, 47, 54, 61, 67, 69, 70, 71, 84, 115, 118, 129, 131, 158, 169, 191, 251, 281, 284, 329, 331, 339, 433, 439, 442, 443, 471, 482, 485]
8 [1, 2, 4, 6, 10, 15, 17, 21, 23, 26, 38, 40, 44, 46, 56, 60, 61, 62, 63, 67, 71, 88, 109, 127, 139, 150, 157, 162, 164, 181, 192, 197, 199, 203, 248, 262, 297, 307, 359, 365, 418, 427, 453, 455]
9 [6, 7, 24, 82, 114, 146, 173, 336, 359, 378, 466]
10 [1, 4, 8, 11, 15, 18, 19, 21, 24, 26, 30, 33, 40, 47, 63, 76, 77, 84, 89, 98, 110, 143, 148, 181, 203, 207, 210, 232, 234, 253, 270, 369, 376, 410, 493]
11 [2, 7, 10, 12, 16, 31, 33, 37, 59, 69, 97, 99, 118, 124, 135, 161, 162, 188, 194, 197, 224, 252, 253, 259, 260, 272, 287, 316, 328, 333, 335, 336, 374, 392, 430, 448, 474, 483, 489]
12 [11, 15, 20, 29, 37, 56, 67, 90, 121, 183, 187, 193, 263]
13 [4, 21, 54, 73, 83, 93, 165, 167, 224, 278, 292, 463]
14 [2, 198]
15 [2, 4, 7, 8, 10, 12, 17, 18, 19, 20, 21, 22, 41, 46, 50, 66, 77, 84, 98, 102, 120, 121, 122, 138, 141, 152, 178, 204, 217, 256, 349, 354, 375, 408]
16 [2, 3, 5, 7, 11, 19, 20, 33, 38, 60, 67, 72, 74, 78, 87, 94, 109, 110, 114, 158, 171, 182, 228, 242, 254, 372, 405, 493]
17 [1, 8, 15, 27, 48, 51, 54, 57, 64, 76, 138, 145, 160, 230, 256, 353, 434]
18 [5, 10, 15, 75, 78, 126, 140, 240]
19 [4, 10, 15, 16, 42, 114, 119, 220, 277, 330, 340, 384]
20 [1, 2, 3, 5, 6, 12, 15, 16, 22, 35, 42, 44, 56, 62, 77, 86, 103, 108, 111, 112, 113, 122, 144, 152, 200, 248, 290, 302, 305, 321, 322, 348, 353, 358, 361, 454, 490, 498]
21 [2, 3, 8, 10, 13, 15, 25, 29, 42, 44, 53, 60, 100, 108, 174, 176, 179, 192, 243, 251, 298, 334, 346, 390, 395, 412, 446, 449, 488]
22 [1, 7, 15, 20, 32, 63, 65, 80, 96, 241, 244, 468]
23 [5, 8, 25, 30, 34, 46, 81, 91, 238]
24 [1, 6, 9, 10, 34, 41, 50, 64, 69, 82, 84, 90, 106, 131, 207, 210, 229, 250, 251, 345, 360, 473]
25 [1, 21, 23, 36, 69, 95, 96, 99, 151, 196, 296, 312, 319, 347, 392]
26 [1, 6, 8, 10, 37, 43, 69, 97, 116, 134, 136, 212, 276, 311, 345, 379, 420, 422, 457, 467]
27 [17, 168]
28 [1, 3]
29 [3, 12, 21, 218, 254]
30 [1, 6, 10, 23, 31, 65, 75, 115, 120, 158, 226, 261, 464]
31 [7, 11, 30, 190]
32 [7, 22, 48, 49, 63, 96, 480]
33 [10, 11, 16, 39, 72, 168, 180, 415, 462, 492]
34 [2, 7, 23, 24, 195, 265, 389]
35 [20]
36 [25, 47, 54, 70, 87, 104, 128, 168, 393]
37 [1, 11, 12, 26, 48, 61, 140, 156, 180, 316, 326, 459]
38 [2, 3, 8, 16, 68, 159]
39 [2, 33, 67, 189, 351, 361, 401]
40 [7, 8, 10, 47, 61, 229, 344]
41 [15, 24, 151, 310]
42 [19, 20, 21, 115, 208, 460]
43 [1, 2, 3, 26, 47, 76, 116, 167, 183, 243, 267, 306, 319, 357]
44 [3, 8, 20, 21, 45, 61, 261, 270, 363, 375, 406, 423, 426, 461, 487]
45 [7, 44]
46 [2, 8, 15, 23, 47, 66, 78, 171, 401]
47 [3, 7, 10, 36, 40, 43, 46, 82, 222, 266, 304, 367, 400, 442]
48 [17, 32, 37, 205, 309]
49 [2, 4, 32, 74, 215, 295, 320]
50 [15, 24]
51 [17, 99]
52 [1, 5, 84, 264, 297, 438]
53 [2, 21, 93, 356]
54 [1, 7, 13, 17, 36, 59, 76, 143, 148, 155, 192, 469]
55 [2, 4]
56 [8, 12, 20]
57 [17, 78, 93, 103, 327]
58 [3, 184]
59 [4, 6, 11, 54, 83, 96, 150, 152, 166, 190, 216, 332, 363, 413]
60 [8, 16, 21, 69, 89, 129, 172, 451]
61 [7, 8, 37, 40, 44, 67, 87, 187, 189, 385, 388]
62 [8, 20, 64, 397]
63 [6, 8, 10, 22, 32, 69, 293]
64 [17, 24, 62, 337]
65 [22, 30]
66 [3, 15, 46, 171]
67 [3, 7, 8, 12, 16, 39, 61, 81, 84, 149, 168, 180, 185, 195, 231, 239, 280, 283, 300, 347, 394, 465]
68 [38]
69 [7, 11, 24, 25, 26, 60, 63, 70, 132, 159, 175, 184, 186, 223, 245, 246, 271, 282, 346, 350, 462, 472]
70 [7, 36, 69, 83, 104, 332]
71 [3, 7, 8, 89, 221, 237, 266, 277, 427, 447, 497]
72 [16, 33, 136]
73 [13]
74 [16, 49, 292]
75 [1, 18, 30, 136, 165, 216, 258, 343, 470]
76 [10, 17, 43, 54, 116, 354]
77 [10, 15, 20, 257, 332, 403]
78 [4, 16, 18, 46, 57, 275]
79 [3]
80 [22, 148, 208, 389]
81 [3, 23, 67, 85, 87, 208, 223, 384, 409]
82 [9, 24, 47, 92, 119, 125, 137, 162, 196, 276, 299, 367, 377]
83 [13, 59, 70, 85, 177, 212, 221]
84 [7, 10, 15, 24, 52, 67, 97, 98, 124, 130, 138, 188, 213, 269, 282, 294, 308, 350, 403, 414]
85 [4, 81, 83, 101, 143, 280]
86 [2, 20, 165]
87 [4, 16, 36, 61, 81, 93, 148, 381]
88 [8, 130]
89 [5, 10, 60, 71, 206, 321]
90 [12, 24]
91 [3, 6, 23, 396]
92 [82]
93 [2, 13, 53, 57, 87, 172, 325]
94 [16]
95 [25]
96 [2, 22, 25, 32, 59, 119, 214, 269]
97 [11, 26, 84, 122]
98 [10, 15, 84, 230]
99 [1, 11, 25, 51, 288]
100 [21]
101 [3, 85]
102 [15, 197, 218]
103 [20, 57, 268, 398]
104 [36, 70, 151]
105 [2, 120]
106 [2, 24]
107 [2]
108 [20, 21]
109 [8, 16, 424]
110 [10, 16, 245]
111 [2, 20, 135]
112 [20]
113 [20, 119]
114 [3, 9, 16, 19, 116, 154, 215]
115 [7, 30, 42, 141, 149, 215, 225]
116 [26, 43, 76, 114, 404, 450]
117 [6]
118 [2, 7, 11]
119 [4, 19, 82, 96, 113, 147, 157, 363, 432, 479]
120 [15, 30, 105, 389]
121 [1, 12, 15, 255, 315, 342]
122 [2, 15, 20, 97, 293]
123 [3]
124 [4, 11, 84, 212]
125 [82, 140, 285, 364, 386]
126 [18, 255]
127 [8, 320]
128 [3, 36]
129 [7, 60, 136]
130 [84, 88]
131 [6, 7, 24, 134, 218, 341]
132 [69]
133 [4]
134 [5, 26, 131]
135 [1, 4, 11, 111, 155, 303, 310, 437, 486]
136 [1, 26, 72, 75, 129, 153]
137 [82, 214]
138 [15, 17, 84]
139 [8]
140 [18, 37, 125]
141 [1, 15, 115, 267]
142 [1, 145]
143 [3, 5, 10, 54, 85, 159, 284, 352]
144 [20]
145 [17, 142, 428, 446]
146 [3, 9]
147 [119]
148 [4, 10, 54, 80, 87, 338, 371]
149 [67, 115, 251, 289]
150 [8, 59]
151 [25, 41, 104, 201]
152 [15, 20, 59]
153 [3, 136]
154 [114]
155 [54, 135, 380]
156 [37]
157 [8, 119]
158 [7, 16, 30]
159 [38, 69, 143]
160 [17, 285]
161 [2, 11]
162 [8, 11, 82]
163 [1, 337]
164 [8, 399]
165 [13, 75, 86]
166 [59]
167 [13, 43]
168 [27, 33, 36, 67, 223, 317]
169 [7]
170 [6]
171 [16, 46, 66, 198, 210, 214, 229, 362]
172 [1, 60, 93, 391, 495]
173 [4, 9, 180, 271]
174 [21]
175 [69]
176 [21]
177 [2, 83, 308]
178 [2, 15, 329]
179 [21]
180 [33, 37, 67, 173]
181 [8, 10, 230, 314]
182 [16]
183 [12, 43, 360]
184 [58, 69, 221, 262, 367]
185 [67]
186 [69, 440]
187 [12, 61]
188 [11, 84, 402]
189 [4, 39, 61]
190 [31, 59]
191 [7, 452]
192 [8, 21, 54]
193 [12]
194 [6, 11, 344]
195 [34, 67]
196 [25, 82]
197 [8, 11, 102]
198 [14, 171]
199 [8]
200 [20]
201 [151]
202 [5]
203 [8, 10, 233, 235, 325, 381, 439, 458]
204 [15]
205 [6, 48]
206 [89]
207 [10, 24]
208 [42, 80, 81]
209 [2]
210 [10, 24, 171, 499]
211 [4]
212 [26, 83, 124]
213 [84]
214 [96, 137, 171]
215 [49, 114, 115]
216 [59, 75]
217 [15]
218 [29, 102, 131, 355]
219 [3]
220 [19]
221 [71, 83, 184]
222 [2, 47]
223 [69, 81, 168]
224 [11, 13]
225 [115]
226 [30]
227 [2, 3]
228 [16, 229, 409]
229 [24, 40, 171, 228, 231, 273, 286, 309, 331, 441, 475]
230 [17, 98, 181]
231 [67, 229, 282]
232 [1, 10, 431]
233 [203]
234 [10]
235 [203]
236 [3]
237 [71]
238 [23, 367, 369, 421]
239 [67, 274]
240 [18]
241 [6, 22]
242 [16]
243 [21, 43]
244 [22]
245 [69, 110, 313, 315, 411, 456]
246 [69, 434]
247 [2]
248 [8, 20, 317, 477]
249 [4]
250 [24]
251 [7, 21, 24, 149, 384, 496]
252 [11]
253 [10, 11]
254 [16, 29]
255 [3, 121, 126, 341]
256 [15, 17]
257 [77]
258 [75, 278]
259 [11]
260 [11]
261 [30, 44]
262 [8, 184, 296]
263 [12]
264 [52]
265 [34]
266 [47, 71]
267 [3, 43, 141, 310, 329]
268 [103]
269 [3, 84, 96, 417]
270 [10, 44]
271 [4, 69, 173, 442]
272 [11]
273 [229, 327, 368, 387]
274 [239]
275 [78]
276 [26, 82]
277 [19, 71]
278 [13, 258]
279 [5, 6]
280 [67, 85]
281 [7]
282 [69, 84, 231]
283 [67]
284 [7, 143]
285 [125, 160]
286 [229]
287 [11]
288 [99]
289 [2, 149, 358]
290 [20]
291 [3, 4]
292 [13, 74]
293 [63, 122]
294 [84]
295 [2, 49, 416]
296 [25, 262]
297 [8, 52]
298 [21]
299 [82]
300 [67]
301 [2]
302 [20]
303 [135]
304 [2, 47, 388]
305 [20, 318]
306 [2, 4, 43]
307 [8]
308 [84, 177]
309 [48, 229, 445]
310 [41, 135, 267]
311 [26]
312 [25]
313 [245]
314 [181]
315 [121, 245]
316 [11, 37]
317 [168, 248]
318 [305]
319 [25, 43]
320 [49, 127, 327, 416]
321 [20, 89]
322 [20]
323 [3]
324 [1]
325 [93, 203]
326 [37]
327 [57, 273, 320]
328 [11]
329 [7, 178, 267]
330 [19]
331 [7, 229, 476]
332 [59, 70, 77]
333 [2, 11]
334 [21]
335 [11]
336 [9, 11]
337 [64, 163, 424]
338 [148]
339 [7]
340 [19]
341 [131, 255]
342 [121]
343 [75]
344 [40, 194]
345 [24, 26]
346 [21, 69]
347 [25, 67]
348 [20]
349 [15]
350 [69, 84]
351 [39]
352 [143]
353 [17, 20]
354 [15, 76]
355 [218]
356 [53]
357 [43]
358 [20, 289]
359 [5, 8, 9]
360 [24, 183]
361 [20, 39]
362 [171]
363 [44, 59, 119]
364 [125]
365 [8]
366 [2]
367 [47, 82, 184, 238]
368 [273]
369 [10, 238]
370 [6]
371 [148]
372 [16]
373 [2]
374 [11]
375 [15, 44]
376 [10]
377 [3, 82]
378 [9]
379 [26]
380 [155]
381 [87, 203]
382 [5]
383 [1, 435]
384 [19, 81, 251]
385 [61]
386 [4, 125]
387 [273]
388 [61, 304]
389 [34, 80, 120]
390 [21]
391 [172]
392 [11, 25]
393 [36]
394 [67]
395 [21]
396 [91]
397 [62]
398 [103]
399 [164]
400 [47]
401 [6, 39, 46]
402 [188]
403 [77, 84]
404 [116]
405 [16]
406 [44]
407 [6]
408 [15]
409 [81, 228]
410 [10]
411 [245]
412 [21]
413 [59]
414 [84]
415 [33]
416 [295, 320]
417 [269]
418 [8]
419 [6]
420 [26]
421 [238]
422 [26]
423 [44]
424 [109, 337]
425 [3]
426 [44]
427 [8, 71]
428 [145]
429 [4]
430 [11]
431 [232]
432 [119]
433 [7]
434 [17, 246]
435 [383]
436 [6]
437 [135]
438 [52]
439 [7, 203]
440 [186]
441 [229]
442 [7, 47, 271]
443 [7]
444 [6]
445 [309]
446 [21, 145]
447 [71]
448 [11]
449 [21]
450 [116]
451 [60]
452 [191]
453 [8]
454 [20]
455 [8]
456 [245]
457 [26]
458 [203]
459 [37]
460 [42]
461 [44]
462 [33, 69]
463 [13]
464 [30]
465 [67]
466 [9]
467 [26]
468 [22]
469 [54]
470 [75]
471 [7, 500]
472 [69]
473 [24]
474 [11]
475 [229]
476 [331]
477 [248]
478 [3]
479 [119]
480 [32]
481 [2]
482 [7]
483 [11]
484 [6]
485 [7]
486 [135]
487 [44]
488 [21]
489 [11]
490 [20]
491 [3]
492 [33]
493 [10, 16]
494 [2]
495 [172]
496 [251]
497 [71]
498 [20]
499 [210]
500 [471]
