GLP Model
Parameters:
- m0:20.0
- m:1.0
- p:0.4695
- beta:0.6447

1 [10, 17, 20, 26, 45, 53, 73, 139, 186, 251]
2 [3, 5, 6, 10, 11, 19, 20, 22, 26, 29, 31, 34, 43, 44, 67, 70, 71, 72, 76, 86, 88, 131, 145, 199, 222]
3 [2, 8, 10, 15, 35, 42, 63, 88, 93, 101, 124, 204, 260]
4 [7, 11, 28, 89, 184]
5 [2, 10, 11, 14, 15, 21, 25, 32, 70, 80, 111, 125, 146, 150, 167, 179, 182, 202, 232]
6 [2, 18, 21, 24, 45, 46, 72, 86, 101, 108, 119, 140, 160, 188, 246]
7 [4, 8, 10, 11, 20, 22, 26, 27, 86, 95, 144]
8 [3, 7, 10, 17, 30, 31, 52, 59, 82, 85, 151, 158, 213]
9 [10, 12, 14, 17, 18, 20, 35, 36, 48, 63, 89, 100, 107, 118, 125, 130, 144, 154, 157, 196, 223]
10 [1, 2, 3, 5, 7, 8, 9, 11, 14, 15, 19, 20, 21, 25, 26, 28, 30, 33, 37, 51, 54, 57, 75, 94, 97, 102, 112, 113, 139, 148, 162, 164, 165, 173, 202, 209, 211, 225, 229, 238, 247, 258, 259]
11 [2, 4, 5, 7, 10, 15, 18, 20, 21, 24, 26, 28, 29, 32, 35, 36, 37, 41, 48, 52, 54, 57, 58, 67, 76, 79, 84, 90, 96, 99, 109, 115, 117, 121, 133, 135, 155, 167, 177, 183, 212, 217, 243, 244, 245, 254, 255]
12 [9, 15, 19, 21, 23, 41, 45, 71, 187, 206, 219]
13 [17]
14 [5, 9, 10, 160]
15 [3, 5, 10, 11, 12, 16, 17, 19, 27, 31, 87, 92, 102, 107, 136, 139, 147, 180, 228]
16 [15, 27, 38, 69, 179]
17 [1, 8, 9, 13, 15, 19, 20, 21, 22, 23, 24, 38, 44, 48, 49, 50, 59, 65, 72, 83, 110, 132, 144]
18 [6, 9, 11, 34]
19 [2, 10, 12, 15, 17, 21, 33, 34, 38, 41, 52, 54, 58, 74, 96, 97, 115, 126, 176, 178, 209, 228, 235, 252]
20 [1, 2, 7, 9, 10, 11, 17, 39, 55, 62, 76, 84, 87, 97, 118, 122, 131, 149, 162, 169, 184, 195]
21 [5, 6, 10, 11, 12, 17, 19, 27, 31, 42, 63, 66, 68, 80, 90, 122, 124, 127, 134, 206, 220]
22 [2, 7, 17, 23, 24, 31, 40, 44, 45, 48, 61, 69, 102, 174, 236]
23 [12, 17, 22, 24, 44, 48, 55, 82, 84, 97, 155, 251]
24 [6, 11, 17, 22, 23, 131]
25 [5, 10, 32, 54, 135, 155, 170]
26 [1, 2, 7, 10, 11, 31, 35, 73, 106, 129, 218]
27 [7, 15, 16, 21, 82, 91, 99, 113]
28 [4, 10, 11, 44, 60, 77, 85, 132]
29 [2, 11, 142]
30 [8, 10, 38, 52, 105, 110, 164, 181, 190, 193]
31 [2, 8, 15, 21, 22, 26, 153, 192, 201, 221, 249]
32 [5, 11, 25, 38, 43, 81, 86, 93, 103, 128, 163, 175, 192, 205]
33 [10, 19, 45, 150]
34 [2, 18, 19, 94, 119, 123]
35 [3, 9, 11, 26, 85, 88, 98, 156, 227, 247]
36 [9, 11]
37 [10, 11, 47]
38 [16, 17, 19, 30, 32, 60, 64, 71, 79, 89, 98, 104, 138, 213, 252]
39 [20]
40 [22, 52, 152, 159]
41 [11, 12, 19, 62, 105, 135, 194, 197, 230]
42 [3, 21]
43 [2, 32, 63]
44 [2, 17, 22, 23, 28, 51, 95, 115, 143, 161, 256]
45 [1, 6, 12, 22, 33, 74, 120, 167]
46 [6]
47 [37]
48 [9, 11, 17, 22, 23, 78, 85, 89, 104, 105, 120, 215]
49 [17, 73]
50 [17]
51 [10, 44, 103, 109, 120, 191]
52 [8, 11, 19, 30, 40, 114, 116, 118, 156]
53 [1]
54 [10, 11, 19, 25, 56, 57, 147, 189, 234]
55 [20, 23]
56 [54, 157]
57 [10, 11, 54, 78]
58 [11, 19, 87]
59 [8, 17]
60 [28, 38]
61 [22, 166]
62 [20, 41]
63 [3, 9, 21, 43, 168]
64 [38]
65 [17]
66 [21]
67 [2, 11, 141]
68 [21]
69 [16, 22]
70 [2, 5, 112]
71 [2, 12, 38, 103, 127]
72 [2, 6, 17, 84]
73 [1, 26, 49, 226]
74 [19, 45]
75 [10]
76 [2, 11, 20, 87, 171, 208]
77 [28]
78 [48, 57]
79 [11, 38]
80 [5, 21]
81 [32]
82 [8, 23, 27, 84, 231]
83 [17]
84 [11, 20, 23, 72, 82, 185]
85 [8, 28, 35, 48, 155, 240]
86 [2, 6, 7, 32, 186, 203, 237]
87 [15, 20, 58, 76]
88 [2, 3, 35]
89 [4, 9, 38, 48]
90 [11, 21]
91 [27, 191]
92 [15]
93 [3, 32, 180]
94 [10, 34]
95 [7, 44]
96 [11, 19]
97 [10, 19, 20, 23, 237, 250]
98 [35, 38]
99 [11, 27, 151]
100 [9]
101 [3, 6]
102 [10, 15, 22]
103 [32, 51, 71]
104 [38, 48, 108, 137, 198]
105 [30, 41, 48, 113, 123]
106 [26, 184, 207]
107 [9, 15, 147, 149]
108 [6, 104]
109 [11, 51, 210]
110 [17, 30]
111 [5]
112 [10, 70]
113 [10, 27, 105]
114 [52]
115 [11, 19, 44, 242]
116 [52]
117 [11]
118 [9, 20, 52, 200]
119 [6, 34]
120 [45, 48, 51]
121 [11]
122 [20, 21]
123 [34, 105, 139]
124 [3, 21]
125 [5, 9]
126 [19]
127 [21, 71, 239]
128 [32]
129 [26]
130 [9]
131 [2, 20, 24]
132 [17, 28]
133 [11, 139, 145]
134 [21]
135 [11, 25, 41]
136 [15]
137 [104]
138 [38]
139 [1, 10, 15, 123, 133, 241]
140 [6]
141 [67]
142 [29]
143 [44]
144 [7, 9, 17, 150, 172]
145 [2, 133]
146 [5, 191]
147 [15, 54, 107, 166, 215]
148 [10, 216]
149 [20, 107]
150 [5, 33, 144]
151 [8, 99, 193]
152 [40]
153 [31]
154 [9]
155 [11, 23, 25, 85]
156 [35, 52]
157 [9, 56]
158 [8]
159 [40]
160 [6, 14]
161 [44]
162 [10, 20]
163 [32]
164 [10, 30]
165 [10]
166 [61, 147]
167 [5, 11, 45]
168 [63]
169 [20]
170 [25]
171 [76]
172 [144]
173 [10]
174 [22]
175 [32]
176 [19]
177 [11]
178 [19]
179 [5, 16]
180 [15, 93]
181 [30, 224]
182 [5, 233]
183 [11]
184 [4, 20, 106]
185 [84]
186 [1, 86]
187 [12]
188 [6]
189 [54]
190 [30]
191 [51, 91, 146]
192 [31, 32]
193 [30, 151, 214]
194 [41]
195 [20]
196 [9]
197 [41]
198 [104]
199 [2]
200 [118]
201 [31]
202 [5, 10]
203 [86]
204 [3]
205 [32]
206 [12, 21]
207 [106]
208 [76]
209 [10, 19]
210 [109, 232]
211 [10]
212 [11]
213 [8, 38]
214 [193]
215 [48, 147]
216 [148]
217 [11]
218 [26]
219 [12]
220 [21]
221 [31]
222 [2]
223 [9]
224 [181]
225 [10]
226 [73]
227 [35]
228 [15, 19]
229 [10]
230 [41]
231 [82]
232 [5, 210]
233 [182]
234 [54]
235 [19, 253]
236 [22]
237 [86, 97]
238 [10, 257]
239 [127]
240 [85]
241 [139]
242 [115, 248]
243 [11]
244 [11]
245 [11]
246 [6]
247 [10, 35]
248 [242]
249 [31]
250 [97]
251 [1, 23]
252 [19, 38]
253 [235]
254 [11]
255 [11]
256 [44]
257 [238]
258 [10]
259 [10]
260 [3]
