GLP Model
Parameters:
- m0:20.0
- m:1.0
- p:0.4695
- beta:0.6447

1 [2, 5, 9, 14, 15, 23, 26, 27, 29, 31]
2 [1]
3 [5, 16, 20]
4 [8, 25]
5 [1, 3, 18, 21, 28]
6 [7, 8, 9, 10, 34, 36]
7 [6, 8, 12, 15, 17, 19, 20, 28, 33, 35]
8 [4, 6, 7, 18, 38]
9 [1, 6, 10, 11, 19, 22]
10 [6, 9, 11, 19]
11 [9, 10, 13, 15, 19, 23, 30, 32]
12 [7]
13 [11]
14 [1]
15 [1, 7, 11, 16, 19, 22, 40]
16 [3, 15, 24]
17 [7]
18 [5, 8, 20, 21]
19 [7, 9, 10, 11, 15, 31]
20 [3, 7, 18]
21 [5, 18]
22 [9, 15]
23 [1, 11, 27]
24 [16]
25 [4, 27]
26 [1]
27 [1, 23, 25, 37]
28 [5, 7]
29 [1]
30 [11]
31 [1, 19]
32 [11]
33 [7]
34 [6]
35 [7]
36 [6, 39]
37 [27]
38 [8]
39 [36]
40 [15]
