GLP Model
Parameters:
- m0:20.0
- m:1.0
- p:0.4695
- beta:0.6447

1 [8, 9, 10, 11, 16, 18, 19, 20, 21, 34, 37, 39, 64, 81, 87, 143, 156, 164, 166, 171, 331, 396, 399]
2 [3, 10, 14, 16, 26, 28, 44, 53, 54, 55, 123, 138, 178, 257, 393]
3 [2, 8, 12, 53, 58, 63, 96]
4 [19, 124]
5 [6, 7, 11, 13, 17, 26, 29, 41, 42, 49, 67, 80, 90, 93, 120, 150, 165, 180, 201, 293, 320, 325, 364]
6 [5, 10, 11, 19, 22, 29, 46, 50, 61, 66, 75, 82, 94, 103, 109, 110, 122, 127, 140, 142, 145, 211, 246, 308, 336, 374]
7 [5, 10, 17, 23, 24, 31, 37, 40, 43, 50, 51, 54, 56, 59, 61, 98, 107, 113, 119, 124, 151, 167, 203, 209, 211, 222, 264, 278, 285, 367, 369, 400]
8 [1, 3, 10, 11, 12, 14, 18, 50, 87, 94, 155, 161, 199, 216, 259, 305]
9 [1, 10, 12, 13, 22, 32, 33, 44, 56, 58, 60, 65, 70, 104, 110, 136, 148, 154, 196, 197, 201, 206, 215, 241, 276, 280, 297, 321]
10 [1, 2, 6, 7, 8, 9, 11, 15, 17, 19, 20, 25, 26, 27, 29, 30, 31, 34, 35, 36, 39, 44, 46, 47, 50, 52, 54, 66, 73, 74, 76, 77, 82, 87, 89, 91, 97, 99, 102, 118, 119, 125, 135, 151, 162, 166, 179, 180, 188, 202, 221, 224, 230, 237, 241, 248, 253, 254, 274, 289, 304, 316, 317, 319, 323, 329, 330, 335, 343, 345, 354, 375]
11 [1, 5, 6, 8, 10, 12, 14, 16, 19, 21, 22, 23, 42, 53, 56, 57, 62, 65, 66, 68, 69, 75, 76, 78, 79, 81, 94, 100, 108, 110, 117, 125, 139, 144, 162, 174, 183, 187, 205, 230, 235, 270, 291, 293, 357, 379, 397]
12 [3, 8, 9, 11, 13, 15, 22, 28, 33, 35, 37, 42, 49, 57, 59, 68, 69, 85, 91, 100, 106, 116, 149, 154, 159, 160, 166, 168, 173, 233, 254, 258, 294, 297, 306, 334, 338, 342, 358, 382]
13 [5, 9, 12, 15, 69, 83, 208, 259, 315, 368]
14 [2, 8, 11, 15, 84, 157, 200, 243]
15 [10, 12, 13, 14, 16, 19, 26, 27, 28, 42, 47, 49, 57, 61, 71, 72, 77, 92, 94, 95, 106, 111, 133, 182, 187, 189, 207, 215, 236, 242, 252, 255, 283, 287, 292, 310, 311, 318, 341, 389]
16 [1, 2, 11, 15, 19, 27, 28, 45, 55, 64, 86, 89, 208, 212, 219, 316]
17 [5, 7, 10, 66, 90, 105, 121, 214]
18 [1, 8, 32, 33, 38, 39, 71, 185, 275, 360]
19 [1, 4, 6, 10, 11, 15, 16, 25, 27, 48, 54, 195, 337]
20 [1, 10, 53, 82, 268]
21 [1, 11, 37, 55, 60, 63, 73, 112, 135, 142, 261]
22 [6, 9, 11, 12, 28, 32, 33, 49, 54, 112, 239]
23 [7, 11, 279]
24 [7, 39, 45, 55, 136, 157]
25 [10, 19]
26 [2, 5, 10, 15, 48, 94]
27 [10, 15, 16, 19, 37, 39, 71, 72, 80, 85, 126, 169, 177, 191, 204, 205, 245, 309, 347, 365, 371, 381, 390]
28 [2, 12, 15, 16, 22, 39, 43, 63, 87, 181, 184, 327]
29 [5, 6, 10, 66, 129]
30 [10]
31 [7, 10, 35, 48]
32 [9, 18, 22, 48, 131, 210, 247, 266, 272]
33 [9, 12, 18, 22, 88, 111, 328]
34 [1, 10, 44, 68, 98, 170, 174, 228, 249, 322]
35 [10, 12, 31, 130]
36 [10, 113]
37 [1, 7, 12, 21, 27, 59, 65, 144, 170, 190, 198, 225, 227, 231, 266, 286, 355]
38 [18, 66, 69]
39 [1, 10, 18, 24, 27, 28, 44, 46, 50, 58, 64, 96, 98, 99, 117, 189, 233, 285, 292, 313, 349, 383]
40 [7, 50, 100, 359]
41 [5]
42 [5, 11, 12, 15, 54, 56, 60, 72, 344]
43 [7, 28, 89]
44 [2, 9, 10, 34, 39, 87, 98, 130, 289]
45 [16, 24, 53, 86, 154, 189, 297, 301]
46 [6, 10, 39, 150, 186, 250]
47 [10, 15]
48 [19, 26, 31, 32, 51, 60]
49 [5, 12, 15, 22, 370]
50 [6, 7, 8, 10, 39, 40, 60, 73, 79, 94, 103, 115, 116, 122, 128, 141, 164, 194, 200, 263, 271, 299, 310, 323]
51 [7, 48]
52 [10, 223]
53 [2, 3, 11, 20, 45, 54, 84, 96, 274, 282, 392]
54 [2, 7, 10, 19, 22, 42, 53, 55, 60, 73, 78, 98, 130, 146, 159, 168, 269, 281, 300, 327, 372]
55 [2, 16, 21, 24, 54, 59, 67, 305]
56 [7, 9, 11, 42, 192, 198, 222, 230, 307, 373, 386]
57 [11, 12, 15, 101, 111, 303, 356]
58 [3, 9, 39, 119, 220, 249, 260]
59 [7, 12, 37, 55, 167, 218]
60 [9, 21, 42, 48, 50, 54, 64, 86, 95, 98, 114, 153, 182, 198, 203, 212, 240, 256, 290, 303, 333, 366, 378]
61 [6, 7, 15, 67, 142, 232, 395]
62 [11, 63, 119, 122, 293, 340]
63 [3, 21, 28, 62, 101, 121]
64 [1, 16, 39, 60, 74, 128, 132, 257, 274]
65 [9, 11, 37, 285]
66 [6, 10, 11, 17, 29, 38, 147, 385]
67 [5, 55, 61, 274]
68 [11, 12, 34]
69 [11, 12, 13, 38]
70 [9]
71 [15, 18, 27, 123]
72 [15, 27, 42, 186]
73 [10, 21, 50, 54, 90, 384]
74 [10, 64]
75 [6, 11, 212]
76 [10, 11, 94, 388]
77 [10, 15]
78 [11, 54, 145, 262, 288]
79 [11, 50]
80 [5, 27, 102]
81 [1, 11, 277]
82 [6, 10, 20, 184, 280, 317]
83 [13, 330]
84 [14, 53]
85 [12, 27, 150]
86 [16, 45, 60, 149, 152, 163, 201, 361]
87 [1, 8, 10, 28, 44]
88 [33, 105, 312]
89 [10, 16, 43, 103, 137, 148, 314, 356]
90 [5, 17, 73, 170]
91 [10, 12, 176, 267]
92 [15]
93 [5]
94 [6, 8, 11, 15, 26, 50, 76, 95, 99, 103, 134, 136, 154, 394]
95 [15, 60, 94]
96 [3, 39, 53, 113, 240]
97 [10]
98 [7, 34, 39, 44, 54, 60, 147, 175, 193, 259]
99 [10, 39, 94, 102]
100 [11, 12, 40, 288]
101 [57, 63]
102 [10, 80, 99]
103 [6, 50, 89, 94]
104 [9, 283, 302]
105 [17, 88]
106 [12, 15, 213, 238]
107 [7]
108 [11]
109 [6]
110 [6, 9, 11, 123, 226]
111 [15, 33, 57, 114]
112 [21, 22, 235, 273]
113 [7, 36, 96]
114 [60, 111, 129, 153, 284]
115 [50, 145]
116 [12, 50, 138]
117 [11, 39, 258, 265]
118 [10]
119 [7, 10, 58, 62, 199, 350]
120 [5]
121 [17, 63, 198]
122 [6, 50, 62, 138]
123 [2, 71, 110, 130, 215, 219, 260, 348]
124 [4, 7]
125 [10, 11]
126 [27, 152]
127 [6]
128 [50, 64, 326]
129 [29, 114, 206]
130 [35, 44, 54, 123]
131 [32]
132 [64]
133 [15]
134 [94]
135 [10, 21, 160, 363]
136 [9, 24, 94]
137 [89, 296]
138 [2, 116, 122]
139 [11]
140 [6]
141 [50]
142 [6, 21, 61, 339]
143 [1]
144 [11, 37, 172]
145 [6, 78, 115, 251]
146 [54]
147 [66, 98, 164]
148 [9, 89, 176, 304, 362]
149 [12, 86]
150 [5, 46, 85, 380]
151 [7, 10]
152 [86, 126, 158, 168, 189, 391]
153 [60, 114]
154 [9, 12, 45, 94, 167]
155 [8]
156 [1]
157 [14, 24]
158 [152]
159 [12, 54, 262]
160 [12, 135]
161 [8]
162 [10, 11, 218]
163 [86]
164 [1, 50, 147]
165 [5]
166 [1, 10, 12]
167 [7, 59, 154]
168 [12, 54, 152, 176, 244, 351]
169 [27, 221]
170 [34, 37, 90, 324]
171 [1]
172 [144]
173 [12]
174 [11, 34]
175 [98, 192]
176 [91, 148, 168, 346]
177 [27]
178 [2]
179 [10]
180 [5, 10]
181 [28]
182 [15, 60]
183 [11, 217]
184 [28, 82]
185 [18]
186 [46, 72]
187 [11, 15]
188 [10]
189 [15, 39, 45, 152, 347]
190 [37, 323]
191 [27]
192 [56, 175, 398]
193 [98]
194 [50]
195 [19]
196 [9]
197 [9, 210, 340, 345]
198 [37, 56, 60, 121, 216]
199 [8, 119]
200 [14, 50, 300, 376]
201 [5, 9, 86, 234]
202 [10]
203 [7, 60]
204 [27]
205 [11, 27]
206 [9, 129]
207 [15]
208 [13, 16]
209 [7]
210 [32, 197, 354]
211 [6, 7]
212 [16, 60, 75]
213 [106]
214 [17]
215 [9, 15, 123]
216 [8, 198]
217 [183]
218 [59, 162]
219 [16, 123, 332]
220 [58]
221 [10, 169]
222 [7, 56]
223 [52]
224 [10]
225 [37]
226 [110]
227 [37, 229]
228 [34]
229 [227]
230 [10, 11, 56]
231 [37]
232 [61]
233 [12, 39]
234 [201]
235 [11, 112]
236 [15]
237 [10]
238 [106]
239 [22]
240 [60, 96]
241 [9, 10]
242 [15]
243 [14]
244 [168]
245 [27]
246 [6]
247 [32]
248 [10]
249 [34, 58]
250 [46, 353]
251 [145]
252 [15]
253 [10]
254 [10, 12]
255 [15]
256 [60]
257 [2, 64, 296]
258 [12, 117]
259 [8, 13, 98]
260 [58, 123]
261 [21]
262 [78, 159]
263 [50]
264 [7]
265 [117]
266 [32, 37]
267 [91]
268 [20]
269 [54]
270 [11]
271 [50, 275]
272 [32]
273 [112]
274 [10, 53, 64, 67]
275 [18, 271]
276 [9]
277 [81]
278 [7]
279 [23]
280 [9, 82]
281 [54]
282 [53]
283 [15, 104]
284 [114]
285 [7, 39, 65, 295, 298]
286 [37]
287 [15]
288 [78, 100, 352]
289 [10, 44]
290 [60]
291 [11]
292 [15, 39]
293 [5, 11, 62]
294 [12]
295 [285]
296 [137, 257]
297 [9, 12, 45, 377]
298 [285]
299 [50]
300 [54, 200, 387]
301 [45]
302 [104]
303 [57, 60]
304 [10, 148]
305 [8, 55]
306 [12]
307 [56]
308 [6]
309 [27]
310 [15, 50]
311 [15]
312 [88]
313 [39]
314 [89]
315 [13]
316 [10, 16]
317 [10, 82]
318 [15]
319 [10]
320 [5]
321 [9]
322 [34]
323 [10, 50, 190]
324 [170]
325 [5]
326 [128]
327 [28, 54]
328 [33]
329 [10]
330 [10, 83]
331 [1]
332 [219]
333 [60]
334 [12]
335 [10]
336 [6]
337 [19]
338 [12]
339 [142]
340 [62, 197]
341 [15]
342 [12]
343 [10]
344 [42]
345 [10, 197]
346 [176]
347 [27, 189]
348 [123]
349 [39]
350 [119]
351 [168]
352 [288, 364]
353 [250]
354 [10, 210]
355 [37]
356 [57, 89]
357 [11]
358 [12]
359 [40]
360 [18]
361 [86]
362 [148]
363 [135]
364 [5, 352]
365 [27]
366 [60]
367 [7]
368 [13]
369 [7]
370 [49]
371 [27]
372 [54]
373 [56]
374 [6]
375 [10]
376 [200]
377 [297]
378 [60]
379 [11]
380 [150]
381 [27]
382 [12]
383 [39]
384 [73]
385 [66]
386 [56]
387 [300]
388 [76]
389 [15]
390 [27]
391 [152]
392 [53]
393 [2]
394 [94]
395 [61]
396 [1]
397 [11]
398 [192]
399 [1]
400 [7]
