GLP Model
Parameters:
- m0:20.0
- m:1.0
- p:0.4695
- beta:0.6447

1 [8, 9, 29]
2 [14, 16, 17, 18, 29, 42, 76]
3 [7, 11, 12, 20, 26, 46, 49, 66]
4 [5, 9, 12, 13, 14, 16, 19, 21, 75]
5 [4, 7, 34, 45, 68]
6 [8, 16, 20, 22, 32, 33, 38, 65]
7 [3, 5, 9, 11, 20, 30, 34, 43, 44, 50, 55, 67, 80]
8 [1, 6, 12, 13, 15, 27, 32, 49]
9 [1, 4, 7, 16, 23, 41]
10 [15]
11 [3, 7, 20, 21, 46, 48, 51, 61, 78, 79]
12 [3, 4, 8, 13, 17, 41, 42, 46, 50]
13 [4, 8, 12, 14, 27, 36, 38, 40, 70]
14 [2, 4, 13, 15, 25, 27, 29, 32, 33, 35, 38, 40, 44, 52, 57, 64, 66]
15 [8, 10, 14, 19, 20, 24, 28, 33, 54, 71]
16 [2, 4, 6, 9, 32]
17 [2, 12, 33, 37, 63]
18 [2, 19]
19 [4, 15, 18, 40, 58, 59]
20 [3, 6, 7, 11, 15, 25, 31, 46]
21 [4, 11, 22, 38, 47, 61]
22 [6, 21, 26]
23 [9]
24 [15]
25 [14, 20]
26 [3, 22, 37, 39, 40, 49, 63, 69, 74]
27 [8, 13, 14]
28 [15]
29 [1, 2, 14, 30, 37, 39, 46, 53, 60]
30 [7, 29, 56]
31 [20]
32 [6, 8, 14, 16, 62]
33 [6, 14, 15, 17]
34 [5, 7]
35 [14]
36 [13, 56]
37 [17, 26, 29]
38 [6, 13, 14, 21, 72]
39 [26, 29, 53, 60]
40 [13, 14, 19, 26, 43, 70]
41 [9, 12, 73]
42 [2, 12]
43 [7, 40]
44 [7, 14, 52]
45 [5]
46 [3, 11, 12, 20, 29]
47 [21]
48 [11]
49 [3, 8, 26]
50 [7, 12]
51 [11]
52 [14, 44]
53 [29, 39]
54 [15]
55 [7]
56 [30, 36]
57 [14]
58 [19]
59 [19]
60 [29, 39]
61 [11, 21, 77]
62 [32]
63 [17, 26]
64 [14]
65 [6]
66 [3, 14]
67 [7]
68 [5]
69 [26]
70 [13, 40]
71 [15]
72 [38]
73 [41]
74 [26]
75 [4]
76 [2]
77 [61]
78 [11]
79 [11]
80 [7]
