GLP Model
Parameters:
- m0:20.0
- m:1.0
- p:0.4695
- beta:0.6447

1 [2, 3, 14, 16, 17, 19, 21, 22, 34, 52, 66, 127, 137, 162, 190, 221, 503, 751, 778]
2 [1, 4, 5, 7, 8, 11, 12, 13, 14, 17, 20, 31, 34, 36, 43, 45, 46, 47, 56, 57, 58, 60, 75, 83, 84, 87, 90, 91, 92, 99, 101, 102, 106, 110, 112, 113, 122, 125, 129, 145, 156, 163, 166, 168, 174, 180, 186, 201, 204, 210, 219, 220, 246, 247, 256, 257, 262, 310, 330, 334, 347, 361, 369, 390, 395, 443, 446, 448, 451, 454, 469, 475, 478, 497, 506, 513, 537, 565, 567, 665, 730, 760, 775, 783, 827, 834, 863, 895, 899, 925, 931, 942]
3 [1, 5, 14, 186]
4 [2, 11, 14, 15, 18, 25, 35, 55, 90, 109, 205, 301, 428, 538, 718]
5 [2, 3, 7, 8, 11, 12, 13, 16, 17, 20, 21, 22, 23, 25, 26, 27, 28, 29, 32, 33, 36, 38, 45, 47, 49, 56, 62, 67, 70, 78, 93, 95, 97, 101, 103, 110, 111, 119, 139, 143, 145, 148, 152, 155, 162, 192, 195, 196, 199, 201, 204, 211, 218, 234, 238, 244, 259, 263, 267, 277, 278, 297, 319, 321, 329, 331, 348, 411, 438, 463, 464, 492, 537, 548, 580, 595, 596, 605, 606, 635, 637, 639, 658, 693, 705, 712, 720, 737, 743, 751, 757, 792, 797, 802, 820, 823, 879, 881, 895, 904, 948, 971, 993]
6 [11, 14, 66, 72, 88, 116, 238, 371, 398, 521, 525, 575, 598, 650, 662, 732, 734, 744, 776, 838, 839, 918]
7 [2, 5, 14, 16, 19, 64, 82, 89, 96, 113, 142, 247, 336, 359, 422, 660, 681, 915, 939]
8 [2, 5, 14, 15, 16, 19, 22, 27, 40, 51, 52, 57, 60, 78, 82, 95, 101, 107, 128, 131, 164, 197, 201, 226, 251, 271, 278, 304, 321, 376, 403, 416, 452, 503, 530, 571, 686, 688, 723, 786, 922]
9 [11, 15, 282, 505, 626, 673, 867, 887]
10 [15, 94, 266, 435]
11 [2, 4, 5, 6, 9, 12, 16, 17, 20, 24, 34, 38, 39, 42, 79, 89, 90, 153, 155, 156, 157, 162, 165, 241, 252, 257, 260, 284, 299, 314, 341, 377, 395, 397, 407, 442, 477, 508, 541, 551, 586, 607, 624, 644, 713, 748, 795, 857, 860, 944, 974]
12 [2, 5, 11, 16, 18, 22, 35, 43, 50, 66, 71, 87, 92, 135, 149, 162, 217, 285, 302, 324, 331, 349, 386, 491, 512, 649, 671, 861]
13 [2, 5, 16, 18, 28, 35, 44, 107, 164, 165, 173, 650, 947]
14 [1, 2, 3, 4, 6, 7, 8, 16, 18, 20, 25, 29, 32, 38, 45, 47, 48, 49, 54, 56, 57, 61, 62, 64, 65, 66, 69, 73, 76, 81, 86, 97, 111, 114, 115, 119, 132, 142, 145, 153, 161, 196, 198, 202, 211, 213, 218, 229, 233, 237, 261, 269, 283, 290, 294, 322, 362, 388, 411, 425, 440, 444, 468, 485, 512, 550, 582, 593, 682, 694, 706, 758, 762, 770, 858, 937]
15 [4, 8, 9, 10, 16, 18, 29, 33, 34, 42, 43, 72, 87, 101, 102, 103, 108, 127, 129, 155, 174, 200, 203, 271, 285, 295, 326, 343, 389, 433, 473, 484, 511, 574, 621, 640, 643, 825, 840, 945, 954, 957]
16 [1, 5, 7, 8, 11, 12, 13, 14, 15, 17, 19, 25, 26, 28, 30, 32, 35, 36, 37, 41, 43, 44, 46, 53, 54, 59, 60, 65, 67, 75, 83, 86, 93, 95, 98, 103, 108, 118, 120, 124, 128, 129, 130, 133, 134, 137, 160, 162, 167, 181, 184, 199, 200, 216, 222, 223, 230, 239, 255, 262, 267, 268, 273, 277, 296, 297, 320, 326, 337, 345, 347, 351, 366, 370, 373, 374, 375, 379, 382, 387, 393, 398, 405, 412, 418, 427, 445, 456, 476, 489, 508, 509, 514, 520, 527, 535, 600, 601, 610, 614, 615, 638, 647, 674, 728, 769, 780, 781, 782, 798, 811, 859, 878, 929]
17 [1, 2, 5, 11, 16, 26, 40, 48, 56, 68, 125, 162, 180, 333, 462, 564, 597, 741, 875]
18 [4, 12, 13, 14, 15, 21, 25, 27, 29, 33, 37, 57, 64, 74, 88, 91, 97, 105, 132, 136, 146, 149, 174, 190, 209, 274, 288, 293, 294, 317, 339, 354, 426, 430, 463, 465, 492, 499, 503, 515, 535, 543, 576, 577, 585, 589, 604, 616, 645, 664, 716, 773, 880, 888, 913, 965]
19 [1, 7, 8, 16, 28, 41, 44, 45, 50, 54, 59, 62, 171, 172, 176, 200, 203, 207, 494, 789, 846, 864]
20 [2, 5, 11, 14, 137, 212, 291, 700]
21 [1, 5, 18, 25, 47, 158, 183, 316, 381, 446, 560, 576]
22 [1, 5, 8, 12, 64, 66, 76, 97, 144, 170, 188, 266, 303, 347, 362, 608, 920, 984]
23 [5, 28]
24 [11, 92, 99, 351, 865]
25 [4, 5, 14, 16, 18, 21, 29, 37, 41, 42, 52, 54, 56, 61, 66, 76, 82, 83, 113, 137, 146, 151, 166, 189, 192, 218, 221, 246, 249, 250, 257, 258, 262, 283, 288, 311, 312, 330, 338, 355, 361, 391, 417, 419, 427, 462, 484, 517, 529, 553, 568, 571, 623, 631, 633, 635, 690, 734, 810, 835, 853, 933]
26 [5, 16, 17, 29, 42, 90, 109, 118, 154, 209, 280, 292, 313, 505, 564, 643, 854, 862, 865, 953, 970, 987, 994]
27 [5, 8, 18, 37, 46, 95, 96, 124, 193, 480, 534, 636, 926, 989]
28 [5, 13, 16, 19, 23, 108, 120, 212, 229, 270, 642, 763, 772, 982, 986]
29 [5, 14, 15, 18, 25, 26, 44, 45, 58, 160, 191, 226, 276, 317, 353, 377, 400, 429, 461, 496, 599, 745, 777, 890, 972]
30 [16, 67, 92, 995]
31 [2, 91, 123, 620]
32 [5, 14, 16, 38, 45, 113, 554]
33 [5, 15, 18, 34, 41, 65, 92, 173, 182, 260, 375, 428, 612]
34 [1, 2, 11, 15, 33, 51, 52, 98, 104, 121, 159, 207, 222, 334, 344, 389, 415, 466, 558, 584, 619, 767, 916]
35 [4, 12, 13, 16, 94, 123, 232, 242, 268, 359, 742, 819]
36 [2, 5, 16, 40, 173, 251, 264, 424, 437, 495, 499, 555, 806, 848]
37 [16, 18, 25, 27, 107, 110, 154, 233, 411, 427, 599]
38 [5, 11, 14, 32, 134, 316, 350, 388]
39 [11, 180]
40 [8, 17, 36, 57, 95, 114, 148, 190, 214, 265, 345, 364, 367, 464, 528, 638, 651, 657, 666, 691, 758, 911, 934]
41 [16, 19, 25, 33, 63, 109, 131, 199, 206, 223, 231, 237, 245, 270, 309, 357, 421, 481, 613, 648, 768, 856, 871, 968, 1000]
42 [11, 15, 25, 26, 51, 55, 69, 83, 91, 102, 112, 152, 198, 219, 253, 335, 341, 365, 563, 584, 604, 677, 702, 735, 927, 952, 962, 988]
43 [2, 12, 15, 16, 44, 56, 57, 83, 92, 150, 156, 228, 305, 341, 396, 461, 473, 504, 533, 570, 724]
44 [13, 16, 19, 29, 43, 161, 226, 233, 243, 528, 564, 605, 729, 767]
45 [2, 5, 14, 19, 29, 32, 144, 298, 356, 390, 545, 577, 837]
46 [2, 16, 27, 83, 109, 633]
47 [2, 5, 14, 21, 75, 85, 97, 131, 141, 145, 152, 154, 170, 181, 187, 192, 296, 306, 405, 701, 719, 746]
48 [14, 17, 73, 77]
49 [5, 14, 54, 55, 58, 131, 161, 188, 267, 314, 390, 539, 809, 893]
50 [12, 19, 59, 83, 218, 627, 761]
51 [8, 34, 42, 117, 238, 315, 338, 431, 715, 819, 829]
52 [1, 8, 25, 34, 141, 147, 330, 924]
53 [16, 82, 107, 115, 119, 121, 166, 175, 227, 300, 439, 451, 460, 472, 536, 579, 645, 663, 696, 801, 811, 831, 844]
54 [14, 16, 19, 25, 49, 75, 80, 84, 252, 352, 494, 731]
55 [4, 42, 49, 96, 106, 202, 233, 326, 458, 488, 669, 739, 843, 850]
56 [2, 5, 14, 17, 25, 43, 91, 94, 95, 196, 225, 336, 523, 590, 685]
57 [2, 8, 14, 18, 40, 43, 122, 578]
58 [2, 29, 49, 112, 181, 230, 345, 415, 553, 866]
59 [16, 19, 50, 98, 318, 327, 353, 438, 738, 908]
60 [2, 8, 16, 140, 190, 300, 323, 330, 410, 459, 721]
61 [14, 25, 91]
62 [5, 14, 19, 140, 756]
63 [41, 103]
64 [7, 14, 18, 22, 96, 106]
65 [14, 16, 33, 72, 100, 109, 146, 177, 217, 326, 384, 726, 727, 883, 898]
66 [1, 6, 12, 14, 22, 25, 97, 206, 356, 407, 436, 487, 561, 587, 807]
67 [5, 16, 30, 78, 82, 101, 169, 274, 524, 547, 557, 659, 963, 966]
68 [17, 186]
69 [14, 42]
70 [5, 123, 187]
71 [12, 186]
72 [6, 15, 65, 151, 208, 224, 235, 266, 300, 476, 891]
73 [14, 48, 101]
74 [18]
75 [2, 16, 47, 54, 144, 164, 189, 203, 273, 353, 358, 412, 434, 450, 519, 522, 533, 569, 983]
76 [14, 22, 25, 104, 456, 872, 909]
77 [48]
78 [5, 8, 67, 752, 845]
79 [11, 126, 156, 222, 297, 346]
80 [54]
81 [14, 104, 136, 230, 282]
82 [7, 8, 25, 53, 67, 122, 185, 265, 277, 696, 771]
83 [2, 16, 25, 42, 43, 46, 50, 89, 254, 348, 350, 383, 420, 467, 474, 510, 565, 566, 641, 655, 940]
84 [2, 54, 139, 164, 206, 240, 914]
85 [47]
86 [14, 16, 102, 120, 139, 146, 514, 540, 806, 876, 955]
87 [2, 12, 15, 328, 406, 591, 626, 998]
88 [6, 18]
89 [7, 11, 83]
90 [2, 4, 11, 26, 115, 123, 816, 910, 938, 990]
91 [2, 18, 31, 42, 56, 61, 119, 160, 178, 195, 236, 253, 313, 360, 549, 553, 675, 766, 967]
92 [2, 12, 24, 30, 33, 43, 97, 169, 275, 401, 709]
93 [5, 16, 95, 303, 323, 852]
94 [10, 35, 56, 170, 237, 410, 490, 532, 594, 912]
95 [5, 8, 16, 27, 40, 56, 93, 210, 248, 353, 399, 447, 618, 907]
96 [7, 27, 55, 64, 253, 298, 450]
97 [5, 14, 18, 22, 47, 66, 92, 111, 152, 176, 189, 199, 441, 765, 842]
98 [16, 34, 59, 183]
99 [2, 24]
100 [65]
101 [2, 5, 8, 15, 67, 73, 124, 272, 434, 633, 692, 834]
102 [2, 15, 42, 86, 502, 563, 717, 808]
103 [5, 15, 16, 63, 194, 255, 279, 312, 329, 341, 549, 597, 733, 774, 803, 836]
104 [34, 76, 81, 236, 487]
105 [18]
106 [2, 55, 64, 117, 154, 223, 812, 921]
107 [8, 13, 37, 53, 282, 307, 444]
108 [15, 16, 28, 407, 436, 467, 793]
109 [4, 26, 41, 46, 65, 114, 268, 498, 717]
110 [2, 5, 37]
111 [5, 14, 97, 129, 154, 475, 544, 647, 866, 956]
112 [2, 42, 58, 958, 985]
113 [2, 7, 25, 32, 580, 630]
114 [14, 40, 109, 145, 455, 576]
115 [14, 53, 90, 138, 804]
116 [6, 308, 338, 391, 438, 657, 997]
117 [51, 106, 146, 384]
118 [16, 26, 368]
119 [5, 14, 53, 91, 236, 413, 546, 779, 919]
120 [16, 28, 86, 183, 253, 348, 545, 700, 791, 889, 906]
121 [34, 53, 248]
122 [2, 57, 82, 813]
123 [31, 35, 70, 90, 323, 385, 470, 512, 631, 639]
124 [16, 27, 101]
125 [2, 17, 136, 738, 800]
126 [79, 266]
127 [1, 15]
128 [8, 16]
129 [2, 15, 16, 111, 179, 185, 408]
130 [16, 212, 678]
131 [8, 41, 47, 49, 153]
132 [14, 18, 136, 218, 233, 286, 341, 381, 392, 519, 527, 951]
133 [16, 162, 199]
134 [16, 38, 343, 594, 654, 718, 753, 851]
135 [12]
136 [18, 81, 125, 132, 516]
137 [1, 16, 20, 25]
138 [115, 250, 357, 603]
139 [5, 84, 86, 263, 438, 725, 943]
140 [60, 62, 342, 706]
141 [47, 52]
142 [7, 14, 145, 409, 714]
143 [5, 198, 343, 612]
144 [22, 45, 75, 179, 507, 539, 679, 805, 923]
145 [2, 5, 14, 47, 114, 142, 214, 245, 297, 973]
146 [18, 25, 65, 86, 117, 148, 180, 195, 233, 327, 482, 622, 707, 833, 905, 964, 969]
147 [52, 350, 380, 423, 500, 646, 799]
148 [5, 40, 146, 307, 621]
149 [12, 18, 340, 750]
150 [43]
151 [25, 72, 244, 539, 815, 873]
152 [5, 42, 47, 97]
153 [11, 14, 131, 160, 199, 697]
154 [26, 37, 47, 106, 111, 207, 673, 711, 797]
155 [5, 11, 15, 229]
156 [2, 11, 43, 79, 519, 541, 704, 979]
157 [11]
158 [21]
159 [34, 404, 667]
160 [16, 29, 91, 153, 313, 362, 690]
161 [14, 44, 49, 288, 445, 469, 518, 572, 686, 693]
162 [1, 5, 11, 12, 16, 17, 133, 192, 396, 498, 877]
163 [2, 292, 325]
164 [8, 13, 75, 84, 449, 552, 559, 585]
165 [11, 13, 459]
166 [2, 25, 53, 950, 980]
167 [16]
168 [2, 226]
169 [67, 92]
170 [22, 47, 94, 218, 266, 313, 471, 524, 526, 652, 788]
171 [19]
172 [19]
173 [13, 33, 36, 385, 501, 552]
174 [2, 15, 18, 405]
175 [53]
176 [19, 97, 341, 935]
177 [65]
178 [91]
179 [129, 144, 180]
180 [2, 17, 39, 146, 179, 287, 455]
181 [16, 47, 58, 372]
182 [33, 500, 733]
183 [21, 98, 120, 350, 996]
184 [16]
185 [82, 129]
186 [2, 3, 68, 71, 352]
187 [47, 70, 217]
188 [22, 49, 285, 961]
189 [25, 75, 97, 386]
190 [1, 18, 40, 60, 252, 374, 446]
191 [29]
192 [5, 25, 47, 162, 747]
193 [27]
194 [103]
195 [5, 91, 146, 737]
196 [5, 14, 56, 215, 930]
197 [8]
198 [14, 42, 143, 602, 680]
199 [5, 16, 41, 97, 133, 153, 243, 362, 402]
200 [15, 16, 19, 379]
201 [2, 5, 8, 213, 370, 386, 530, 625, 721, 855]
202 [14, 55, 394]
203 [15, 19, 75, 341]
204 [2, 5, 228, 267, 310, 349, 353, 649]
205 [4]
206 [41, 66, 84, 882]
207 [19, 34, 154, 981]
208 [72]
209 [18, 26]
210 [2, 95, 352]
211 [5, 14, 928]
212 [20, 28, 130, 238, 301, 749]
213 [14, 201, 223]
214 [40, 145, 612]
215 [196, 488]
216 [16]
217 [12, 65, 187, 267]
218 [5, 14, 25, 50, 132, 170, 486, 817, 840, 894, 999]
219 [2, 42, 286]
220 [2]
221 [1, 25, 372, 479, 609]
222 [16, 34, 79, 265, 486, 685]
223 [16, 41, 106, 213, 282, 453, 464, 485]
224 [72]
225 [56, 822]
226 [8, 29, 44, 168, 415, 884]
227 [53]
228 [43, 204, 661]
229 [14, 28, 155, 353, 409]
230 [16, 58, 81]
231 [41]
232 [35]
233 [14, 37, 44, 55, 132, 146, 416, 735]
234 [5]
235 [72]
236 [91, 104, 119, 466, 493]
237 [14, 41, 94]
238 [5, 6, 51, 212, 264, 366, 515, 903]
239 [16]
240 [84]
241 [11, 408]
242 [35, 258, 529, 836, 848]
243 [44, 199]
244 [5, 151, 592]
245 [41, 145, 281, 502]
246 [2, 25, 629, 695]
247 [2, 7]
248 [95, 121, 252]
249 [25]
250 [25, 138, 457, 459]
251 [8, 36, 293, 974]
252 [11, 54, 190, 248, 344, 593]
253 [42, 91, 96, 120, 315, 892, 939]
254 [83]
255 [16, 103, 289]
256 [2]
257 [2, 11, 25]
258 [25, 242, 612]
259 [5, 270, 714]
260 [11, 33, 708]
261 [14]
262 [2, 16, 25, 308, 322, 628]
263 [5, 139, 332, 384, 959]
264 [36, 238]
265 [40, 82, 222, 280]
266 [10, 22, 72, 126, 170, 268, 755, 869]
267 [5, 16, 49, 204, 217, 414, 454, 664, 900, 977]
268 [16, 35, 109, 266, 285, 334, 416, 528, 897]
269 [14]
270 [28, 41, 259, 445]
271 [8, 15]
272 [101, 578]
273 [16, 75, 687]
274 [18, 67, 699]
275 [92]
276 [29]
277 [5, 16, 82]
278 [5, 8]
279 [103]
280 [26, 265, 464]
281 [245]
282 [9, 81, 107, 223, 610, 632]
283 [14, 25]
284 [11, 814]
285 [12, 15, 188, 268]
286 [132, 219, 936]
287 [180, 330, 656, 822, 828, 861]
288 [18, 25, 161, 531]
289 [255]
290 [14]
291 [20]
292 [26, 163, 547, 709]
293 [18, 251]
294 [14, 18, 688]
295 [15]
296 [16, 47]
297 [5, 16, 79, 145]
298 [45, 96]
299 [11]
300 [53, 60, 72, 431, 754, 802]
301 [4, 212, 864]
302 [12]
303 [22, 93]
304 [8]
305 [43]
306 [47]
307 [107, 148]
308 [116, 262]
309 [41]
310 [2, 204]
311 [25]
312 [25, 103, 540, 588]
313 [26, 91, 160, 170, 482]
314 [11, 49, 821]
315 [51, 253]
316 [21, 38]
317 [18, 29]
318 [59]
319 [5, 353]
320 [16]
321 [5, 8]
322 [14, 262]
323 [60, 93, 123, 991]
324 [12, 415, 826]
325 [163]
326 [15, 16, 55, 65, 553, 791, 896]
327 [59, 146, 902]
328 [87, 378]
329 [5, 103, 978]
330 [2, 25, 52, 60, 287, 351, 432, 689, 720]
331 [5, 12, 403, 477, 581]
332 [263]
333 [17, 438, 617, 623]
334 [2, 34, 268]
335 [42, 363, 566]
336 [7, 56]
337 [16, 835]
338 [25, 51, 116, 550]
339 [18]
340 [149]
341 [11, 42, 43, 103, 132, 176, 203, 495]
342 [140]
343 [15, 134, 143]
344 [34, 252]
345 [16, 40, 58, 727]
346 [79]
347 [2, 16, 22, 483]
348 [5, 83, 120, 796]
349 [12, 204]
350 [38, 83, 147, 183, 697, 784, 901]
351 [16, 24, 330]
352 [54, 186, 210]
353 [29, 59, 75, 95, 204, 229, 319, 443, 766]
354 [18]
355 [25]
356 [45, 66, 696]
357 [41, 138, 992]
358 [75, 371]
359 [7, 35]
360 [91]
361 [2, 25, 407]
362 [14, 22, 160, 199, 365]
363 [335]
364 [40, 411]
365 [42, 362, 469]
366 [16, 238, 583]
367 [40]
368 [118]
369 [2, 425, 832]
370 [16, 201]
371 [6, 358]
372 [181, 221]
373 [16]
374 [16, 190, 412]
375 [16, 33, 473]
376 [8]
377 [11, 29]
378 [328, 841]
379 [16, 200]
380 [147]
381 [21, 132]
382 [16]
383 [83]
384 [65, 117, 263, 760]
385 [123, 173, 818]
386 [12, 189, 201]
387 [16]
388 [14, 38]
389 [15, 34]
390 [2, 45, 49]
391 [25, 116]
392 [132]
393 [16, 719]
394 [202]
395 [2, 11]
396 [43, 162, 710, 787]
397 [11, 476]
398 [6, 16]
399 [95, 886]
400 [29]
401 [92]
402 [199]
403 [8, 331]
404 [159]
405 [16, 47, 174, 542, 672]
406 [87, 438]
407 [11, 66, 108, 361, 740]
408 [129, 241]
409 [142, 229]
410 [60, 94, 847]
411 [5, 14, 37, 364]
412 [16, 75, 374]
413 [119]
414 [267, 464]
415 [34, 58, 226, 324, 722, 946]
416 [8, 233, 268]
417 [25, 535]
418 [16]
419 [25]
420 [83, 646]
421 [41]
422 [7]
423 [147]
424 [36]
425 [14, 369]
426 [18]
427 [16, 25, 37, 668]
428 [4, 33]
429 [29]
430 [18]
431 [51, 300, 457, 588]
432 [330]
433 [15]
434 [75, 101, 573]
435 [10]
436 [66, 108]
437 [36]
438 [5, 59, 116, 139, 333, 406]
439 [53]
440 [14]
441 [97]
442 [11]
443 [2, 353]
444 [14, 107]
445 [16, 161, 270]
446 [2, 21, 190]
447 [95]
448 [2]
449 [164]
450 [75, 96, 812]
451 [2, 53]
452 [8, 487]
453 [223, 785]
454 [2, 267]
455 [114, 180, 552, 849, 868]
456 [16, 76]
457 [250, 431]
458 [55]
459 [60, 165, 250, 612]
460 [53]
461 [29, 43]
462 [17, 25]
463 [5, 18]
464 [5, 40, 223, 280, 414, 487]
465 [18]
466 [34, 236]
467 [83, 108]
468 [14]
469 [2, 161, 365, 801]
470 [123, 619]
471 [170]
472 [53, 488]
473 [15, 43, 375, 635, 676, 703, 975]
474 [83]
475 [2, 111]
476 [16, 72, 397, 572, 698, 725, 790]
477 [11, 331, 684, 855, 949]
478 [2]
479 [221]
480 [27]
481 [41]
482 [146, 313]
483 [347]
484 [15, 25, 556, 751, 754]
485 [14, 223]
486 [218, 222]
487 [66, 104, 452, 464, 562, 653, 675]
488 [55, 215, 472]
489 [16]
490 [94]
491 [12]
492 [5, 18, 602]
493 [236]
494 [19, 54, 693]
495 [36, 341]
496 [29]
497 [2]
498 [109, 162, 582]
499 [18, 36, 599]
500 [147, 182]
501 [173]
502 [102, 245]
503 [1, 8, 18]
504 [43]
505 [9, 26]
506 [2]
507 [144]
508 [11, 16]
509 [16]
510 [83]
511 [15]
512 [12, 14, 123]
513 [2]
514 [16, 86]
515 [18, 238]
516 [136, 611]
517 [25]
518 [161]
519 [75, 132, 156]
520 [16]
521 [6]
522 [75]
523 [56]
524 [67, 170]
525 [6]
526 [170]
527 [16, 132]
528 [40, 44, 268, 606]
529 [25, 242]
530 [8, 201]
531 [288]
532 [94]
533 [43, 75, 932]
534 [27]
535 [16, 18, 417]
536 [53, 542, 683]
537 [2, 5]
538 [4]
539 [49, 144, 151]
540 [86, 312]
541 [11, 156]
542 [405, 536]
543 [18]
544 [111]
545 [45, 120]
546 [119]
547 [67, 292]
548 [5]
549 [91, 103]
550 [14, 338]
551 [11]
552 [164, 173, 455]
553 [25, 58, 91, 326]
554 [32]
555 [36]
556 [484, 760]
557 [67]
558 [34]
559 [164]
560 [21]
561 [66]
562 [487]
563 [42, 102, 679]
564 [17, 26, 44]
565 [2, 83]
566 [83, 335]
567 [2]
568 [25]
569 [75]
570 [43]
571 [8, 25]
572 [161, 476]
573 [434]
574 [15, 670]
575 [6]
576 [18, 21, 114, 824]
577 [18, 45]
578 [57, 272]
579 [53]
580 [5, 113]
581 [331]
582 [14, 498]
583 [366]
584 [34, 42]
585 [18, 164]
586 [11]
587 [66]
588 [312, 431]
589 [18]
590 [56]
591 [87]
592 [244]
593 [14, 252]
594 [94, 134]
595 [5]
596 [5, 747]
597 [17, 103, 634]
598 [6]
599 [29, 37, 499]
600 [16]
601 [16]
602 [198, 492]
603 [138]
604 [18, 42]
605 [5, 44, 794]
606 [5, 528, 847]
607 [11]
608 [22, 736]
609 [221]
610 [16, 282]
611 [516]
612 [33, 143, 214, 258, 459, 697, 759, 941]
613 [41]
614 [16]
615 [16]
616 [18]
617 [333]
618 [95]
619 [34, 470]
620 [31]
621 [15, 148]
622 [146]
623 [25, 333]
624 [11]
625 [201]
626 [9, 87]
627 [50]
628 [262]
629 [246]
630 [113]
631 [25, 123]
632 [282]
633 [25, 46, 101, 732]
634 [597]
635 [5, 25, 473]
636 [27]
637 [5]
638 [16, 40]
639 [5, 123, 707]
640 [15]
641 [83]
642 [28]
643 [15, 26]
644 [11]
645 [18, 53]
646 [147, 420]
647 [16, 111]
648 [41]
649 [12, 204]
650 [6, 13]
651 [40]
652 [170]
653 [487]
654 [134]
655 [83]
656 [287]
657 [40, 116]
658 [5]
659 [67]
660 [7]
661 [228]
662 [6]
663 [53]
664 [18, 267]
665 [2]
666 [40]
667 [159]
668 [427]
669 [55]
670 [574]
671 [12, 771]
672 [405]
673 [9, 154]
674 [16]
675 [91, 487]
676 [473]
677 [42]
678 [130]
679 [144, 563]
680 [198]
681 [7]
682 [14]
683 [536]
684 [477]
685 [56, 222]
686 [8, 161]
687 [273]
688 [8, 294, 725, 885]
689 [330]
690 [25, 160]
691 [40]
692 [101]
693 [5, 161, 494]
694 [14]
695 [246]
696 [53, 82, 356]
697 [153, 350, 612]
698 [476]
699 [274]
700 [20, 120]
701 [47, 874]
702 [42]
703 [473]
704 [156]
705 [5]
706 [14, 140]
707 [146, 639]
708 [260]
709 [92, 292]
710 [396]
711 [154]
712 [5]
713 [11]
714 [142, 259]
715 [51]
716 [18]
717 [102, 109]
718 [4, 134]
719 [47, 393]
720 [5, 330]
721 [60, 201]
722 [415]
723 [8, 976]
724 [43]
725 [139, 476, 688]
726 [65]
727 [65, 345]
728 [16]
729 [44]
730 [2]
731 [54]
732 [6, 633]
733 [103, 182]
734 [6, 25, 744]
735 [42, 233]
736 [608]
737 [5, 195]
738 [59, 125]
739 [55]
740 [407]
741 [17, 870, 880]
742 [35]
743 [5]
744 [6, 734, 934]
745 [29]
746 [47, 764]
747 [192, 596]
748 [11]
749 [212]
750 [149]
751 [1, 5, 484]
752 [78]
753 [134]
754 [300, 484]
755 [266]
756 [62]
757 [5]
758 [14, 40]
759 [612]
760 [2, 384, 556]
761 [50]
762 [14]
763 [28]
764 [746]
765 [97]
766 [91, 353]
767 [34, 44]
768 [41]
769 [16]
770 [14]
771 [82, 671]
772 [28]
773 [18]
774 [103]
775 [2]
776 [6]
777 [29]
778 [1]
779 [119]
780 [16]
781 [16]
782 [16]
783 [2]
784 [350]
785 [453]
786 [8]
787 [396]
788 [170]
789 [19, 830]
790 [476]
791 [120, 326]
792 [5]
793 [108]
794 [605]
795 [11]
796 [348]
797 [5, 154]
798 [16]
799 [147]
800 [125]
801 [53, 469]
802 [5, 300]
803 [103]
804 [115]
805 [144]
806 [36, 86]
807 [66]
808 [102]
809 [49]
810 [25]
811 [16, 53, 885]
812 [106, 450]
813 [122]
814 [284]
815 [151]
816 [90]
817 [218]
818 [385]
819 [35, 51]
820 [5]
821 [314]
822 [225, 287, 917]
823 [5]
824 [576]
825 [15]
826 [324]
827 [2]
828 [287]
829 [51]
830 [789]
831 [53]
832 [369]
833 [146]
834 [2, 101]
835 [25, 337]
836 [103, 242]
837 [45]
838 [6]
839 [6]
840 [15, 218]
841 [378]
842 [97]
843 [55]
844 [53]
845 [78]
846 [19]
847 [410, 606]
848 [36, 242]
849 [455]
850 [55]
851 [134]
852 [93]
853 [25]
854 [26]
855 [201, 477]
856 [41]
857 [11]
858 [14, 960]
859 [16]
860 [11]
861 [12, 287, 867]
862 [26]
863 [2]
864 [19, 301]
865 [24, 26]
866 [58, 111]
867 [9, 861]
868 [455]
869 [266]
870 [741]
871 [41]
872 [76]
873 [151]
874 [701]
875 [17]
876 [86]
877 [162]
878 [16]
879 [5]
880 [18, 741]
881 [5]
882 [206]
883 [65]
884 [226]
885 [688, 811]
886 [399]
887 [9]
888 [18]
889 [120]
890 [29]
891 [72]
892 [253]
893 [49]
894 [218]
895 [2, 5]
896 [326]
897 [268]
898 [65]
899 [2]
900 [267]
901 [350]
902 [327]
903 [238]
904 [5]
905 [146]
906 [120]
907 [95]
908 [59]
909 [76]
910 [90]
911 [40]
912 [94]
913 [18]
914 [84]
915 [7]
916 [34]
917 [822]
918 [6]
919 [119]
920 [22]
921 [106]
922 [8]
923 [144]
924 [52]
925 [2]
926 [27]
927 [42]
928 [211]
929 [16]
930 [196]
931 [2]
932 [533]
933 [25]
934 [40, 744]
935 [176]
936 [286]
937 [14]
938 [90]
939 [7, 253]
940 [83]
941 [612]
942 [2]
943 [139]
944 [11]
945 [15]
946 [415]
947 [13]
948 [5]
949 [477]
950 [166]
951 [132]
952 [42]
953 [26]
954 [15]
955 [86]
956 [111]
957 [15]
958 [112]
959 [263]
960 [858]
961 [188]
962 [42]
963 [67]
964 [146]
965 [18]
966 [67]
967 [91]
968 [41]
969 [146]
970 [26]
971 [5]
972 [29]
973 [145]
974 [11, 251]
975 [473]
976 [723]
977 [267]
978 [329]
979 [156]
980 [166]
981 [207]
982 [28]
983 [75]
984 [22]
985 [112]
986 [28]
987 [26]
988 [42]
989 [27]
990 [90]
991 [323]
992 [357]
993 [5]
994 [26]
995 [30]
996 [183]
997 [116]
998 [87]
999 [218]
1000 [41]
