GLP Model
Parameters:
- m0:20.0
- m:1.0
- p:0.4695
- beta:0.6447

1 [7, 15, 18, 32, 44, 45, 54, 57]
2 [6, 10, 11, 14, 15, 17, 19, 23, 29, 30, 32, 37, 52, 55, 56, 58, 69, 79, 86, 89, 98, 100, 107, 113, 141]
3 [7, 12, 13, 23, 34, 65, 76, 116, 119, 138]
4 [6, 10, 11, 16, 24, 29, 41, 46, 108]
5 [7, 10, 13, 16, 17, 19, 31, 32, 33, 34, 43, 45, 53, 68, 102, 103, 122, 160]
6 [2, 4, 7, 9, 10, 12, 13, 35, 42, 44, 49, 56, 88, 97, 125]
7 [1, 3, 5, 6, 11, 18, 22, 25, 27, 30, 31, 32, 35, 38, 58, 70, 93, 100]
8 [16, 62, 69]
9 [6, 12, 18, 34, 43, 72, 81, 88]
10 [2, 4, 5, 6, 12, 15, 16, 17, 19, 31, 35, 36, 37, 42, 46, 47, 48, 52, 58, 64, 67, 72, 75, 80, 90, 91, 98, 101, 112, 128]
11 [2, 4, 7, 14, 59, 67, 77, 82, 94, 110]
12 [3, 6, 9, 10, 16, 19, 27, 31, 71]
13 [3, 5, 6, 16, 25, 39, 50, 78, 118, 134, 159]
14 [2, 11, 18, 40, 42, 95, 146]
15 [1, 2, 10, 31, 33, 37]
16 [4, 5, 8, 10, 12, 13, 18, 21, 22, 24, 26, 28, 33, 37, 46, 53, 56, 60, 61, 66, 73, 81, 114, 121, 126, 143, 144, 147, 150, 155, 156, 157]
17 [2, 5, 10, 19, 20, 34, 36, 50, 77, 88, 110, 113, 123, 124]
18 [1, 7, 9, 14, 16, 19, 21, 29, 54, 63, 64, 83, 96, 105, 135]
19 [2, 5, 10, 12, 17, 18, 29, 36, 72, 129]
20 [17, 23, 42, 76]
21 [16, 18, 87, 106]
22 [7, 16, 24, 62, 91]
23 [2, 3, 20]
24 [4, 16, 22, 69, 111, 145]
25 [7, 13, 51, 101]
26 [16]
27 [7, 12, 74]
28 [16]
29 [2, 4, 18, 19, 49, 106]
30 [2, 7, 59]
31 [5, 7, 10, 12, 15, 92, 93, 113, 139]
32 [1, 2, 5, 7]
33 [5, 15, 16, 59]
34 [3, 5, 9, 17, 35, 44, 46, 66, 90, 99, 115, 132]
35 [6, 7, 10, 34, 57, 85, 87, 152]
36 [10, 17, 19]
37 [2, 10, 15, 16]
38 [7, 94, 142]
39 [13]
40 [14]
41 [4, 42, 54, 68, 130]
42 [6, 10, 14, 20, 41, 66]
43 [5, 9]
44 [1, 6, 34, 63]
45 [1, 5, 48]
46 [4, 10, 16, 34, 66, 84]
47 [10, 60, 66, 91]
48 [10, 45, 127]
49 [6, 29]
50 [13, 17]
51 [25]
52 [2, 10]
53 [5, 16]
54 [1, 18, 41, 61]
55 [2]
56 [2, 6, 16, 87, 149]
57 [1, 35, 109]
58 [2, 7, 10, 104, 158]
59 [11, 30, 33]
60 [16, 47]
61 [16, 54, 153]
62 [8, 22, 91, 137]
63 [18, 44, 136]
64 [10, 18]
65 [3]
66 [16, 34, 42, 46, 47, 148]
67 [10, 11, 96]
68 [5, 41, 105, 133]
69 [2, 8, 24]
70 [7]
71 [12]
72 [9, 10, 19, 78]
73 [16, 84, 101]
74 [27]
75 [10]
76 [3, 20]
77 [11, 17]
78 [13, 72]
79 [2]
80 [10]
81 [9, 16]
82 [11]
83 [18]
84 [46, 73]
85 [35]
86 [2]
87 [21, 35, 56]
88 [6, 9, 17]
89 [2]
90 [10, 34, 91]
91 [10, 22, 47, 62, 90]
92 [31]
93 [7, 31]
94 [11, 38, 140]
95 [14]
96 [18, 67]
97 [6]
98 [2, 10]
99 [34]
100 [2, 7]
101 [10, 25, 73]
102 [5]
103 [5]
104 [58]
105 [18, 68]
106 [21, 29, 120]
107 [2, 117]
108 [4]
109 [57]
110 [11, 17]
111 [24]
112 [10]
113 [2, 17, 31, 131]
114 [16]
115 [34]
116 [3]
117 [107, 139]
118 [13]
119 [3]
120 [106]
121 [16]
122 [5]
123 [17]
124 [17]
125 [6]
126 [16]
127 [48]
128 [10]
129 [19]
130 [41]
131 [113]
132 [34]
133 [68]
134 [13]
135 [18]
136 [63]
137 [62]
138 [3]
139 [31, 117]
140 [94]
141 [2]
142 [38]
143 [16]
144 [16]
145 [24]
146 [14]
147 [16]
148 [66]
149 [56]
150 [16, 151, 154]
151 [150]
152 [35]
153 [61]
154 [150]
155 [16]
156 [16]
157 [16]
158 [58]
159 [13]
160 [5]
