GLP Model
Parameters:
- m0:20.0
- m:1.0
- p:0.4695
- beta:0.6447

1 [2, 4, 10, 12, 17, 20, 28, 32, 37, 43, 46, 49, 61, 70, 72, 74, 78, 83, 86, 98, 111, 130, 151, 157]
2 [1, 5]
3 [9, 14, 18, 22, 53, 60, 64, 82, 98, 104, 106, 112, 115, 127, 133, 148, 151, 173, 186, 192, 209]
4 [1, 7, 9, 14, 16, 18, 22, 23, 24, 26, 27, 34, 35, 42, 43, 44, 48, 102, 145, 214, 218]
5 [2, 8, 13, 17, 18, 19, 22, 23, 33, 60, 77, 93, 100, 108, 137, 146, 157, 185, 187]
6 [7, 8, 9, 13, 17, 18, 31, 63, 67, 68, 77, 88, 95, 108, 115, 124, 142, 159, 178, 217]
7 [4, 6, 10, 11, 13, 14, 17, 26, 38, 40, 44, 48, 52, 70, 71, 79, 85, 91, 96, 136, 138, 142, 152, 196, 205]
8 [5, 6, 11, 19, 22, 76, 146]
9 [3, 4, 6, 36, 112, 197]
10 [1, 7, 25, 49, 86, 172, 200]
11 [7, 8, 14, 15, 16, 17, 22, 26, 30, 33, 45, 54, 55, 95, 97, 107, 123, 140, 149, 211]
12 [1, 17, 18, 21, 22, 23, 24, 34, 66, 155, 171, 215]
13 [5, 6, 7, 42, 165, 167]
14 [3, 4, 7, 11, 15, 16, 18, 20, 29, 36, 41, 44, 52, 54, 60, 69, 79, 103, 141, 180, 183, 188, 204]
15 [11, 14, 18, 20, 45, 51, 62, 64, 101, 105, 166]
16 [4, 11, 14, 19, 20, 21, 33, 40, 72, 89, 118, 126, 132, 134, 138, 144, 160]
17 [1, 5, 6, 7, 11, 12, 19, 22, 23, 25, 27, 30, 31, 39, 47, 87, 97, 112, 128, 129, 135, 173, 177, 203, 208]
18 [3, 4, 5, 6, 12, 14, 15, 22, 33, 34, 45, 49, 66, 78, 143, 174, 212]
19 [5, 8, 16, 17, 38, 50, 58, 71, 73, 98, 121, 193]
20 [1, 14, 15, 16, 30, 31, 37, 99]
21 [12, 16, 38, 45, 81, 103]
22 [3, 4, 5, 8, 11, 12, 17, 18, 33, 36, 54, 84, 181]
23 [4, 5, 12, 17, 33, 52, 65, 138]
24 [4, 12]
25 [10, 17]
26 [4, 7, 11, 33, 34, 36, 40, 49, 52, 114, 144]
27 [4, 17, 216]
28 [1, 56]
29 [14]
30 [11, 17, 20, 33, 108, 120]
31 [6, 17, 20, 93, 121, 170]
32 [1, 61, 124]
33 [5, 11, 16, 18, 22, 23, 26, 30, 34, 37, 56, 57, 62, 90, 113, 116, 117, 199]
34 [4, 12, 18, 26, 33, 76, 202]
35 [4, 39, 48]
36 [9, 14, 22, 26, 39, 127]
37 [1, 20, 33, 95]
38 [7, 19, 21, 75, 189]
39 [17, 35, 36, 45, 67, 77, 125, 150, 156, 175]
40 [7, 16, 26, 112, 169, 179]
41 [14, 48, 153]
42 [4, 13, 220]
43 [1, 4]
44 [4, 7, 14]
45 [11, 15, 18, 21, 39, 54, 59, 60, 85, 106, 122, 154]
46 [1, 80, 94]
47 [17, 155]
48 [4, 7, 35, 41]
49 [1, 10, 18, 26, 55, 109, 155, 210, 219]
50 [19]
51 [15]
52 [7, 14, 23, 26, 56, 57, 92, 93, 158, 195]
53 [3]
54 [11, 14, 22, 45, 110, 133, 206]
55 [11, 49]
56 [28, 33, 52, 113]
57 [33, 52]
58 [19, 83, 131, 182]
59 [45]
60 [3, 5, 14, 45]
61 [1, 32, 94]
62 [15, 33]
63 [6]
64 [3, 15]
65 [23]
66 [12, 18, 109]
67 [6, 39, 76, 201]
68 [6]
69 [14, 98, 213]
70 [1, 7]
71 [7, 19, 172]
72 [1, 16]
73 [19]
74 [1]
75 [38]
76 [8, 34, 67]
77 [5, 6, 39, 164, 176]
78 [1, 18, 80]
79 [7, 14]
80 [46, 78]
81 [21]
82 [3]
83 [1, 58]
84 [22]
85 [7, 45, 119]
86 [1, 10, 116, 168, 184]
87 [17]
88 [6]
89 [16]
90 [33, 147, 162]
91 [7]
92 [52]
93 [5, 31, 52]
94 [46, 61]
95 [6, 11, 37, 194]
96 [7, 161]
97 [11, 17]
98 [1, 3, 19, 69]
99 [20]
100 [5]
101 [15]
102 [4]
103 [14, 21]
104 [3]
105 [15]
106 [3, 45]
107 [11]
108 [5, 6, 30, 163]
109 [49, 66]
110 [54]
111 [1]
112 [3, 9, 17, 40, 139]
113 [33, 56, 122]
114 [26]
115 [3, 6]
116 [33, 86]
117 [33]
118 [16, 207]
119 [85]
120 [30]
121 [19, 31]
122 [45, 113]
123 [11, 190]
124 [6, 32]
125 [39]
126 [16]
127 [3, 36]
128 [17]
129 [17]
130 [1]
131 [58]
132 [16]
133 [3, 54]
134 [16]
135 [17]
136 [7]
137 [5, 152]
138 [7, 16, 23]
139 [112]
140 [11]
141 [14]
142 [6, 7]
143 [18]
144 [16, 26]
145 [4]
146 [5, 8]
147 [90]
148 [3]
149 [11]
150 [39]
151 [1, 3]
152 [7, 137]
153 [41]
154 [45]
155 [12, 47, 49]
156 [39]
157 [1, 5]
158 [52]
159 [6, 198]
160 [16]
161 [96]
162 [90]
163 [108]
164 [77]
165 [13]
166 [15]
167 [13]
168 [86, 191]
169 [40]
170 [31]
171 [12]
172 [10, 71]
173 [3, 17]
174 [18]
175 [39]
176 [77]
177 [17]
178 [6]
179 [40]
180 [14]
181 [22]
182 [58]
183 [14]
184 [86]
185 [5]
186 [3]
187 [5]
188 [14]
189 [38]
190 [123]
191 [168]
192 [3]
193 [19]
194 [95]
195 [52]
196 [7]
197 [9]
198 [159]
199 [33]
200 [10]
201 [67]
202 [34]
203 [17]
204 [14]
205 [7]
206 [54]
207 [118]
208 [17]
209 [3]
210 [49]
211 [11]
212 [18]
213 [69]
214 [4]
215 [12]
216 [27]
217 [6]
218 [4]
219 [49]
220 [42]
