GLP Model
Parameters:
- m0:20.0
- m:1.0
- p:0.4695
- beta:0.6447

1 [7, 10, 14, 19, 30, 56]
2 [4, 6, 14, 18, 25, 29, 32, 33, 44]
3 [4, 12, 19]
4 [2, 3, 17, 18, 20, 34, 45, 49, 57]
5 [8, 17]
6 [2, 9, 15, 17, 24, 42, 47]
7 [1, 18]
8 [5, 15]
9 [6, 15, 16, 21, 25, 26, 29, 35, 48, 51]
10 [1]
11 [13, 15, 18, 27, 31]
12 [3, 14, 31, 43, 55]
13 [11, 17, 19, 42]
14 [1, 2, 12, 28]
15 [6, 8, 9, 11, 18, 28, 43]
16 [9]
17 [4, 5, 6, 13, 19, 23, 34, 37, 46, 53]
18 [2, 4, 7, 11, 15, 39]
19 [1, 3, 13, 17, 22, 25, 36, 37, 38, 41, 52, 54, 59]
20 [4, 40]
21 [9]
22 [19, 24]
23 [17]
24 [6, 22]
25 [2, 9, 19, 50]
26 [9]
27 [11]
28 [14, 15]
29 [2, 9, 33]
30 [1]
31 [11, 12, 60]
32 [2]
33 [2, 29, 58]
34 [4, 17]
35 [9]
36 [19]
37 [17, 19]
38 [19]
39 [18]
40 [20]
41 [19]
42 [6, 13]
43 [12, 15]
44 [2]
45 [4]
46 [17]
47 [6]
48 [9]
49 [4]
50 [25]
51 [9]
52 [19]
53 [17]
54 [19]
55 [12]
56 [1]
57 [4]
58 [33]
59 [19]
60 [31]
