GLP Model
Parameters:
- m0:20.0
- m:1.0
- p:0.4695
- beta:0.6447

1 [3, 7, 15, 18, 45, 69, 105, 121]
2 [5, 6, 8, 11, 13, 15, 18, 19, 21, 23, 27, 30, 31, 38, 40, 48, 53, 59, 64, 74, 103, 118, 123, 129, 136, 148, 166]
3 [1, 9, 11, 14, 18, 23, 29, 33, 40, 58, 60, 63, 78]
4 [5, 6, 7, 8, 11, 17, 18, 21, 39, 40, 44, 56, 58, 70, 76, 84, 87, 90, 117, 134, 149]
5 [2, 4, 7, 8, 11, 12, 16, 20, 28, 36, 37, 38, 39, 42, 63, 67, 68, 123, 125, 137, 140]
6 [2, 4, 16, 25, 42, 43, 47, 48, 65, 86, 92, 97, 109, 153, 163, 170]
7 [1, 4, 5, 8, 10, 11, 13, 14, 16, 17, 19, 24, 27, 29, 35, 37, 43, 45, 50, 52, 66, 70, 73, 80, 86, 93, 103, 104, 106, 109, 144, 145, 158, 162, 173]
8 [2, 4, 5, 7, 9, 17, 23, 27, 34, 46, 63, 72, 80, 94, 135, 140, 155, 179]
9 [3, 8, 15, 51]
10 [7, 18, 28]
11 [2, 3, 4, 5, 7, 12, 18, 19, 28, 75, 96]
12 [5, 11, 25, 35, 42, 61, 71, 126, 131, 172]
13 [2, 7, 24, 41, 47, 65, 91, 93, 114, 128, 141]
14 [3, 7, 15, 28, 31, 100, 106, 180]
15 [1, 2, 9, 14, 18, 27, 33, 60, 65, 118]
16 [5, 6, 7, 42, 49, 53, 89, 130, 146]
17 [4, 7, 8, 22, 26, 31, 32, 50, 57]
18 [1, 2, 3, 4, 10, 11, 15, 20, 21, 30, 114, 167]
19 [2, 7, 11, 30, 55, 96, 104]
20 [5, 18, 31, 48, 87]
21 [2, 4, 18, 48, 79, 95, 159]
22 [17]
23 [2, 3, 8, 28, 31, 125]
24 [7, 13, 26, 82]
25 [6, 12, 33, 44, 73, 83, 160]
26 [17, 24]
27 [2, 7, 8, 15, 30, 36, 57, 81, 90, 115, 132, 155, 174]
28 [5, 10, 11, 14, 23, 53, 77]
29 [3, 7, 62, 124]
30 [2, 18, 19, 27, 33, 41, 56, 65, 75, 77, 82, 175, 177]
31 [2, 14, 17, 20, 23, 33, 59, 102, 114]
32 [17, 36, 61, 91, 97, 126]
33 [3, 15, 25, 30, 31, 54, 62, 67, 82, 108, 125, 164]
34 [8, 61]
35 [7, 12, 38, 169]
36 [5, 27, 32, 147, 171]
37 [5, 7]
38 [2, 5, 35, 138, 178]
39 [4, 5, 55, 88]
40 [2, 3, 4, 42, 116, 168]
41 [13, 30]
42 [5, 6, 12, 16, 40, 69, 107, 139]
43 [6, 7]
44 [4, 25, 67]
45 [1, 7]
46 [8]
47 [6, 13, 52]
48 [2, 6, 20, 21, 93]
49 [16]
50 [7, 17]
51 [9, 63]
52 [7, 47, 61]
53 [2, 16, 28, 83, 84, 98, 110]
54 [33, 79]
55 [19, 39, 69, 111]
56 [4, 30, 59, 124]
57 [17, 27]
58 [3, 4, 104, 176]
59 [2, 31, 56]
60 [3, 15, 77]
61 [12, 32, 34, 52, 66, 85, 99, 142]
62 [29, 33]
63 [3, 5, 8, 51]
64 [2]
65 [6, 13, 15, 30, 123, 156]
66 [7, 61, 93, 101, 143]
67 [5, 33, 44, 77]
68 [5]
69 [1, 42, 55]
70 [4, 7]
71 [12]
72 [8, 83]
73 [7, 25]
74 [2]
75 [11, 30]
76 [4]
77 [28, 30, 60, 67, 112, 165]
78 [3, 113]
79 [21, 54, 120]
80 [7, 8]
81 [27]
82 [24, 30, 33, 90, 105]
83 [25, 53, 72, 90]
84 [4, 53, 122]
85 [61]
86 [6, 7]
87 [4, 20]
88 [39]
89 [16]
90 [4, 27, 82, 83]
91 [13, 32]
92 [6, 151]
93 [7, 13, 48, 66, 122]
94 [8]
95 [21]
96 [11, 19]
97 [6, 32]
98 [53]
99 [61]
100 [14]
101 [66]
102 [31]
103 [2, 7]
104 [7, 19, 58]
105 [1, 82, 133]
106 [7, 14, 119]
107 [42]
108 [33]
109 [6, 7]
110 [53]
111 [55]
112 [77, 127, 150]
113 [78]
114 [13, 18, 31]
115 [27]
116 [40]
117 [4]
118 [2, 15]
119 [106]
120 [79]
121 [1]
122 [84, 93]
123 [2, 5, 65]
124 [29, 56]
125 [5, 23, 33, 152]
126 [12, 32]
127 [112]
128 [13]
129 [2]
130 [16]
131 [12]
132 [27]
133 [105]
134 [4]
135 [8]
136 [2]
137 [5]
138 [38]
139 [42, 154]
140 [5, 8]
141 [13, 157]
142 [61]
143 [66]
144 [7]
145 [7]
146 [16]
147 [36, 161]
148 [2]
149 [4]
150 [112]
151 [92]
152 [125]
153 [6]
154 [139]
155 [8, 27]
156 [65]
157 [141]
158 [7]
159 [21]
160 [25]
161 [147]
162 [7]
163 [6]
164 [33]
165 [77]
166 [2]
167 [18]
168 [40]
169 [35]
170 [6]
171 [36]
172 [12]
173 [7]
174 [27]
175 [30]
176 [58]
177 [30]
178 [38]
179 [8]
180 [14]
