GLP Model
Parameters:
- m0:20.0
- m:1.0
- p:0.4695
- beta:0.6447

1 [11, 12, 15, 18, 32, 37, 45, 66, 76, 129, 131, 135]
2 [6, 11, 12, 25, 44, 57, 89, 120, 181, 185]
3 [12, 18, 27, 61]
4 [6, 13, 191]
5 [7, 10, 12, 14, 18, 127, 164, 174]
6 [2, 4, 7, 9, 10, 11, 12, 14, 21, 23, 24, 26, 31, 33, 38, 40, 41, 42, 45, 46, 47, 49, 64, 71, 76, 79, 80, 94, 95, 103, 117, 120, 121, 134, 147, 158, 170, 188, 197]
7 [5, 6, 9, 10, 11, 13, 15, 16, 17, 19, 30, 47, 61, 66, 72, 76, 100, 102, 142, 147, 149, 166, 176, 178]
8 [10, 11, 15, 19, 24, 29, 48, 77, 92, 111, 195]
9 [6, 7, 11, 17, 18, 33, 51, 66, 86, 93, 107, 122, 157, 199]
10 [5, 6, 7, 8, 11, 12, 17, 18, 21, 24, 65, 90, 91, 143, 183, 187, 193]
11 [1, 2, 6, 7, 8, 9, 10, 12, 14, 15, 16, 20, 21, 27, 30, 31, 32, 47, 52, 53, 59, 60, 62, 71, 73, 83, 90, 96, 97, 101, 110, 132, 134, 146, 179, 194]
12 [1, 2, 3, 5, 6, 10, 11, 13, 16, 17, 20, 21, 22, 23, 28, 29, 30, 34, 36, 41, 42, 44, 46, 52, 67, 72, 77, 82, 98, 109, 112, 145, 159, 160]
13 [4, 7, 12, 18, 49, 65, 78, 84, 104, 118, 119, 136, 157]
14 [5, 6, 11, 18, 24, 28, 63, 84, 116, 171]
15 [1, 7, 8, 11, 19, 49, 60]
16 [7, 11, 12, 20, 33, 66, 69, 76, 124, 150, 190]
17 [7, 9, 10, 12, 18, 28, 37, 46, 47, 52, 76, 144, 151, 172]
18 [1, 3, 5, 9, 10, 13, 14, 17, 19, 32, 35, 36, 43, 59, 64, 87, 92, 99, 115, 139, 140, 174, 192]
19 [7, 8, 15, 18, 60, 64, 67, 137]
20 [11, 12, 16, 55, 156]
21 [6, 10, 11, 12, 54, 128]
22 [12, 23, 30, 37, 113, 126]
23 [6, 12, 22, 28, 37, 53, 76, 100, 126]
24 [6, 8, 10, 14, 25, 70, 75, 76, 129, 164]
25 [2, 24, 32]
26 [6]
27 [3, 11]
28 [12, 14, 17, 23, 30, 52, 58, 62, 105, 106, 136, 140, 174]
29 [8, 12, 47, 89, 126, 139]
30 [7, 11, 12, 22, 28, 51, 61, 83]
31 [6, 11, 39, 45, 105, 178]
32 [1, 11, 18, 25, 50, 54, 152, 161, 165]
33 [6, 9, 16, 56, 60, 142, 153]
34 [12, 182]
35 [18, 58, 72, 154, 162]
36 [12, 18, 41, 57]
37 [1, 17, 22, 23, 48, 68, 95, 138, 162, 198]
38 [6, 81]
39 [31]
40 [6]
41 [6, 12, 36, 52, 77, 95]
42 [6, 12]
43 [18, 70, 123]
44 [2, 12, 54, 192]
45 [1, 6, 31]
46 [6, 12, 17, 115, 200]
47 [6, 7, 11, 17, 29, 101, 105, 108, 115, 127, 173]
48 [8, 37, 57]
49 [6, 13, 15, 107]
50 [32]
51 [9, 30, 74, 81, 107]
52 [11, 12, 17, 28, 41, 88]
53 [11, 23]
54 [21, 32, 44, 189]
55 [20]
56 [33]
57 [2, 36, 48, 80, 85]
58 [28, 35]
59 [11, 18, 97]
60 [11, 15, 19, 33, 73]
61 [3, 7, 30, 75, 107]
62 [11, 28]
63 [14]
64 [6, 18, 19]
65 [10, 13, 133]
66 [1, 7, 9, 16]
67 [12, 19]
68 [37, 108]
69 [16, 76]
70 [24, 43, 91, 134, 141]
71 [6, 11]
72 [7, 12, 35]
73 [11, 60]
74 [51, 97, 177]
75 [24, 61]
76 [1, 6, 7, 16, 17, 23, 24, 69, 114]
77 [8, 12, 41]
78 [13]
79 [6, 93]
80 [6, 57]
81 [38, 51]
82 [12, 110, 155]
83 [11, 30]
84 [13, 14]
85 [57]
86 [9, 92]
87 [18]
88 [52]
89 [2, 29]
90 [10, 11, 91, 92]
91 [10, 70, 90, 93, 148]
92 [8, 18, 86, 90, 167]
93 [9, 79, 91, 125]
94 [6]
95 [6, 37, 41, 97]
96 [11]
97 [11, 59, 74, 95, 130, 186]
98 [12]
99 [18]
100 [7, 23]
101 [11, 47]
102 [7]
103 [6]
104 [13]
105 [28, 31, 47, 127]
106 [28]
107 [9, 49, 51, 61, 168]
108 [47, 68]
109 [12, 169]
110 [11, 82]
111 [8]
112 [12]
113 [22]
114 [76]
115 [18, 46, 47]
116 [14]
117 [6]
118 [13]
119 [13, 146]
120 [2, 6]
121 [6]
122 [9, 175, 180]
123 [43]
124 [16]
125 [93]
126 [22, 23, 29]
127 [5, 47, 105, 169]
128 [21]
129 [1, 24]
130 [97]
131 [1]
132 [11, 184]
133 [65]
134 [6, 11, 70]
135 [1]
136 [13, 28]
137 [19]
138 [37, 163]
139 [18, 29]
140 [18, 28]
141 [70]
142 [7, 33]
143 [10]
144 [17]
145 [12]
146 [11, 119]
147 [6, 7]
148 [91]
149 [7]
150 [16]
151 [17]
152 [32]
153 [33]
154 [35]
155 [82]
156 [20]
157 [9, 13]
158 [6]
159 [12]
160 [12]
161 [32]
162 [35, 37, 196]
163 [138]
164 [5, 24]
165 [32]
166 [7]
167 [92]
168 [107]
169 [109, 127]
170 [6]
171 [14]
172 [17]
173 [47]
174 [5, 18, 28]
175 [122]
176 [7]
177 [74]
178 [7, 31]
179 [11]
180 [122]
181 [2]
182 [34]
183 [10]
184 [132]
185 [2]
186 [97]
187 [10]
188 [6]
189 [54]
190 [16]
191 [4]
192 [18, 44]
193 [10]
194 [11]
195 [8]
196 [162]
197 [6]
198 [37]
199 [9]
200 [46]
