GLP Model
Parameters:
- m0:20.0
- m:1.0
- p:0.4695
- beta:0.6447

1 [2, 4, 8, 9, 15, 16, 17, 27, 35, 37, 44, 49, 63, 77, 126, 143, 164, 169, 177, 183, 189, 204, 205, 215, 267]
2 [1, 3, 5, 6, 7, 9, 15, 33, 50, 66, 67, 83, 102, 107, 108, 137, 149, 168, 203, 227, 244, 278, 285, 298]
3 [2, 4, 5, 8, 12, 13, 15, 22, 24, 26, 30, 34, 52, 60, 63, 64, 68, 72, 77, 85, 98, 106, 119, 124, 131, 140, 141, 142, 145, 148, 155, 168, 172, 173, 225, 249]
4 [1, 3, 6, 7, 12, 14, 18, 22, 26, 37, 42, 54, 55, 75, 81, 180, 183, 196, 241]
5 [2, 3, 6, 16, 90]
6 [2, 4, 5, 10, 12, 15, 17, 26, 28, 30, 68, 76, 87, 97, 100, 110, 112, 129, 131, 144, 157, 177, 204, 268]
7 [2, 4, 18, 36, 114, 219]
8 [1, 3, 12, 51, 64, 114]
9 [1, 2, 14, 15, 16, 18, 22, 28, 29, 32, 33, 35, 38, 39, 43, 51, 62, 78, 82, 89, 99, 102, 108, 112, 119, 136, 147, 151, 161, 178, 187, 233, 260, 261, 266, 272, 283, 290]
10 [6, 12, 13, 18, 21, 22, 29, 31, 39, 40, 50, 73, 93, 105, 107, 108, 128, 130, 200, 208, 209, 213, 221, 246, 256, 271]
11 [16, 19, 133, 197]
12 [3, 4, 6, 8, 10, 15, 16, 19, 23, 33, 36, 44, 46, 56, 59, 80, 82, 87, 93, 104, 115, 132, 152, 163, 181, 199, 214, 230, 231, 242]
13 [3, 10, 25, 33, 201, 202]
14 [4, 9, 15, 22, 59, 63, 66, 67, 71, 72, 83, 84, 112, 117, 129, 135, 156, 202, 269, 295]
15 [1, 2, 3, 6, 9, 12, 14, 16, 18, 19, 21, 23, 25, 28, 31, 34, 40, 43, 50, 52, 59, 60, 63, 66, 67, 69, 70, 74, 82, 86, 88, 90, 97, 104, 123, 130, 188, 197, 210, 211, 225, 231, 238, 270, 277, 291, 299]
16 [1, 5, 9, 11, 12, 15, 19, 21, 22, 37, 39, 40, 41, 43, 45, 46, 48, 50, 54, 62, 64, 66, 67, 68, 70, 73, 91, 98, 111, 114, 121, 122, 125, 167, 173, 174, 176, 190, 194, 228, 280]
17 [1, 6, 24, 48, 67, 162]
18 [4, 7, 9, 10, 15, 25, 43, 44, 52, 54, 94, 113, 118, 125, 136, 154, 204, 235, 289]
19 [11, 12, 15, 16, 20, 25, 26, 34, 40, 47, 51, 53, 58, 68, 98, 109, 139, 186, 229, 252]
20 [19, 25, 294]
21 [10, 15, 16, 23, 26, 49, 153, 184, 300]
22 [3, 4, 9, 10, 14, 16, 32, 57, 73, 94, 99, 276]
23 [12, 15, 21, 54, 237]
24 [3, 17]
25 [13, 15, 18, 19, 20, 26, 31, 32, 41, 61, 95, 116, 129, 134]
26 [3, 4, 6, 19, 21, 25, 75, 141, 159]
27 [1, 54]
28 [6, 9, 15, 82, 288]
29 [9, 10, 33, 129, 226]
30 [3, 6, 166]
31 [10, 15, 25, 60, 67, 135, 164, 195]
32 [9, 22, 25, 40, 129]
33 [2, 9, 12, 13, 29, 65, 138, 245, 257]
34 [3, 15, 19, 286]
35 [1, 9]
36 [7, 12, 184, 239]
37 [1, 4, 16]
38 [9]
39 [9, 10, 16, 79, 90, 92, 97, 116, 206, 238, 262]
40 [10, 15, 16, 19, 32, 53, 64, 99, 139]
41 [16, 25, 68, 263]
42 [4]
43 [9, 15, 16, 18, 122, 170]
44 [1, 12, 18, 51, 75]
45 [16, 77, 248]
46 [12, 16, 64, 66, 72, 101, 127]
47 [19]
48 [16, 17, 89, 171]
49 [1, 21, 116, 138, 182]
50 [2, 10, 15, 16, 94, 253]
51 [8, 9, 19, 44, 74, 93, 218, 229, 238]
52 [3, 15, 18, 87, 127, 187]
53 [19, 40, 59, 83]
54 [4, 16, 18, 23, 27, 88, 89, 191, 200, 224, 284]
55 [4]
56 [12, 239]
57 [22]
58 [19]
59 [12, 14, 15, 53, 114, 120, 142, 155, 171]
60 [3, 15, 31, 69, 127, 171]
61 [25]
62 [9, 16]
63 [1, 3, 14, 15, 113, 175, 297]
64 [3, 8, 16, 40, 46, 69, 90, 111, 127, 149, 214, 293]
65 [33, 142]
66 [2, 14, 15, 16, 46, 116, 120, 287]
67 [2, 14, 15, 16, 17, 31, 167, 198, 212]
68 [3, 6, 16, 19, 41, 104, 109, 110, 118, 131, 137, 139, 165, 182, 195, 232, 236, 292]
69 [15, 60, 64]
70 [15, 16, 145, 171, 173, 247, 254, 273]
71 [14, 204]
72 [3, 14, 46, 96, 185, 240]
73 [10, 16, 22, 160, 173, 178]
74 [15, 51, 89, 123, 147, 217, 234, 274]
75 [4, 26, 44, 103, 146]
76 [6]
77 [1, 3, 45]
78 [9]
79 [39]
80 [12]
81 [4]
82 [9, 12, 15, 28]
83 [2, 14, 53]
84 [14]
85 [3, 93]
86 [15, 207]
87 [6, 12, 52, 192]
88 [15, 54]
89 [9, 48, 54, 74, 127, 129, 135]
90 [5, 15, 39, 64, 146, 258]
91 [16]
92 [39]
93 [10, 12, 51, 85, 220, 234]
94 [18, 22, 50, 246]
95 [25]
96 [72]
97 [6, 15, 39]
98 [3, 16, 19, 158, 222, 279]
99 [9, 22, 40, 137, 162]
100 [6]
101 [46]
102 [2, 9, 179]
103 [75, 145]
104 [12, 15, 68, 236, 243]
105 [10]
106 [3]
107 [2, 10]
108 [2, 9, 10]
109 [19, 68]
110 [6, 68, 150, 264]
111 [16, 64, 235]
112 [6, 9, 14]
113 [18, 63]
114 [7, 8, 16, 59, 130, 296]
115 [12]
116 [25, 39, 49, 66]
117 [14]
118 [18, 68]
119 [3, 9, 281]
120 [59, 66]
121 [16, 127]
122 [16, 43]
123 [15, 74]
124 [3]
125 [16, 18, 216]
126 [1, 173]
127 [46, 52, 60, 64, 89, 121]
128 [10]
129 [6, 14, 25, 29, 32, 89, 142, 255]
130 [10, 15, 114, 167]
131 [3, 6, 68]
132 [12]
133 [11]
134 [25, 193]
135 [14, 31, 89, 251, 258, 275]
136 [9, 18, 158]
137 [2, 68, 99, 168, 224]
138 [33, 49, 186]
139 [19, 40, 68, 144]
140 [3, 150]
141 [3, 26]
142 [3, 59, 65, 129]
143 [1]
144 [6, 139]
145 [3, 70, 103]
146 [75, 90]
147 [9, 74]
148 [3]
149 [2, 64, 238, 265]
150 [110, 140]
151 [9]
152 [12]
153 [21]
154 [18]
155 [3, 59]
156 [14, 204]
157 [6]
158 [98, 136]
159 [26]
160 [73]
161 [9]
162 [17, 99]
163 [12]
164 [1, 31]
165 [68]
166 [30]
167 [16, 67, 130]
168 [2, 3, 137]
169 [1]
170 [43]
171 [48, 59, 60, 70, 223]
172 [3, 209]
173 [3, 16, 70, 73, 126]
174 [16]
175 [63]
176 [16, 233]
177 [1, 6]
178 [9, 73]
179 [102]
180 [4, 250]
181 [12]
182 [49, 68]
183 [1, 4]
184 [21, 36]
185 [72]
186 [19, 138, 282]
187 [9, 52]
188 [15]
189 [1]
190 [16]
191 [54]
192 [87]
193 [134]
194 [16]
195 [31, 68]
196 [4]
197 [11, 15, 245]
198 [67]
199 [12]
200 [10, 54]
201 [13]
202 [13, 14]
203 [2]
204 [1, 6, 18, 71, 156]
205 [1]
206 [39]
207 [86]
208 [10]
209 [10, 172]
210 [15]
211 [15]
212 [67]
213 [10, 259]
214 [12, 64]
215 [1]
216 [125]
217 [74]
218 [51]
219 [7]
220 [93]
221 [10]
222 [98]
223 [171]
224 [54, 137]
225 [3, 15]
226 [29]
227 [2]
228 [16]
229 [19, 51]
230 [12]
231 [12, 15]
232 [68]
233 [9, 176]
234 [74, 93]
235 [18, 111]
236 [68, 104]
237 [23]
238 [15, 39, 51, 149]
239 [36, 56]
240 [72]
241 [4]
242 [12]
243 [104]
244 [2]
245 [33, 197]
246 [10, 94]
247 [70]
248 [45]
249 [3]
250 [180]
251 [135]
252 [19]
253 [50]
254 [70]
255 [129]
256 [10]
257 [33]
258 [90, 135]
259 [213]
260 [9]
261 [9]
262 [39]
263 [41]
264 [110]
265 [149]
266 [9]
267 [1]
268 [6]
269 [14]
270 [15]
271 [10]
272 [9]
273 [70]
274 [74]
275 [135]
276 [22]
277 [15]
278 [2]
279 [98]
280 [16]
281 [119]
282 [186]
283 [9]
284 [54]
285 [2]
286 [34]
287 [66]
288 [28]
289 [18]
290 [9]
291 [15]
292 [68]
293 [64]
294 [20]
295 [14]
296 [114]
297 [63]
298 [2]
299 [15]
300 [21]
